i    Time
  0.000000e+000    -1.2794e-005    -1.1484e-004     3.3216e-004    -1.3376e-005     3.6017e-005     1.6621e-005    -5.6233e-006    -1.4234e-006
  1.250000e-004    -1.3034e-005    -1.4005e-004     3.3358e-004    -6.6497e-006     2.7013e-005     1.7132e-005    -3.7057e-006    -2.1127e-006
  2.500000e-004    -1.3293e-005    -1.6501e-004     3.3487e-004    -1.0430e-008     1.8115e-005     1.7666e-005    -1.7875e-006    -2.7958e-006
  3.750000e-004    -1.3626e-005    -1.8908e-004     3.3563e-004     6.3265e-006     9.5875e-006     1.8275e-005     1.3149e-007    -3.4564e-006
  5.000000e-004    -1.4027e-005    -2.1233e-004     3.3593e-004     1.2407e-005     1.3756e-006     1.8941e-005     2.0491e-006    -4.0971e-006
  6.250000e-004    -1.4497e-005    -2.3473e-004     3.3576e-004     1.8234e-005    -6.5213e-006     1.9657e-005     3.9632e-006    -4.7175e-006
  7.500000e-004    -1.5036e-005    -2.5624e-004     3.3511e-004     2.3809e-005    -1.4104e-005     2.0418e-005     5.8712e-006    -5.3169e-006
  8.750000e-004    -1.5644e-005    -2.7684e-004     3.3397e-004     2.9135e-005    -2.1372e-005     2.1216e-005     7.7701e-006    -5.8948e-006
  1.000000e-003    -1.6320e-005    -2.9649e-004     3.3233e-004     3.4212e-005    -2.8328e-005     2.2047e-005     9.6570e-006    -6.4509e-006
  1.125000e-003    -1.7060e-005    -3.1517e-004     3.3020e-004     3.9042e-005    -3.4971e-005     2.2904e-005     1.1529e-005    -6.9845e-006
  1.250000e-003    -1.7861e-005    -3.3286e-004     3.2757e-004     4.3627e-005    -4.1302e-005     2.3782e-005     1.3381e-005    -7.4952e-006
  1.375000e-003    -1.8721e-005    -3.4954e-004     3.2444e-004     4.7967e-005    -4.7321e-005     2.4675e-005     1.5212e-005    -7.9825e-006
  1.500000e-003    -1.9634e-005    -3.6518e-004     3.2081e-004     5.2065e-005    -5.3029e-005     2.5580e-005     1.7017e-005    -8.4461e-006
  1.625000e-003    -2.0597e-005    -3.7978e-004     3.1667e-004     5.5922e-005    -5.8427e-005     2.6489e-005     1.8793e-005    -8.8856e-006
  1.750000e-003    -2.1603e-005    -3.9331e-004     3.1204e-004     5.9537e-005    -6.3515e-005     2.7399e-005     2.0535e-005    -9.3005e-006
  1.875000e-003    -2.2649e-005    -4.0577e-004     3.0692e-004     6.2914e-005    -6.8295e-005     2.8306e-005     2.2242e-005    -9.6906e-006
  2.000000e-003    -2.3729e-005    -4.1714e-004     3.0130e-004     6.6052e-005    -7.2766e-005     2.9203e-005     2.3908e-005    -1.0056e-005
  2.125000e-003    -2.4837e-005    -4.2742e-004     2.9521e-004     6.8954e-005    -7.6930e-005     3.0088e-005     2.5531e-005    -1.0395e-005
  2.250000e-003    -2.5969e-005    -4.3661e-004     2.8864e-004     7.1620e-005    -8.0788e-005     3.0957e-005     2.7107e-005    -1.0709e-005
  2.375000e-003    -2.7118e-005    -4.4469e-004     2.8160e-004     7.4052e-005    -8.4342e-005     3.1804e-005     2.8633e-005    -1.0997e-005
  2.500000e-003    -2.8279e-005    -4.5166e-004     2.7411e-004     7.6251e-005    -8.7592e-005     3.2627e-005     3.0106e-005    -1.1258e-005
  2.625000e-003    -2.9447e-005    -4.5753e-004     2.6617e-004     7.8219e-005    -9.0541e-005     3.3422e-005     3.1522e-005    -1.1494e-005
  2.750000e-003    -3.0616e-005    -4.6229e-004     2.5779e-004     7.9957e-005    -9.3190e-005     3.4185e-005     3.2879e-005    -1.1702e-005
  2.875000e-003    -3.1781e-005    -4.6595e-004     2.4898e-004     8.1468e-005    -9.5541e-005     3.4914e-005     3.4174e-005    -1.1885e-005
  3.000000e-003    -3.2937e-005    -4.6851e-004     2.3977e-004     8.2753e-005    -9.7596e-005     3.5604e-005     3.5404e-005    -1.2041e-005
  3.125000e-003    -3.4078e-005    -4.6998e-004     2.3016e-004     8.3815e-005    -9.9358e-005     3.6254e-005     3.6566e-005    -1.2170e-005
  3.250000e-003    -3.5200e-005    -4.7036e-004     2.2016e-004     8.4655e-005    -1.0083e-004     3.6861e-005     3.7658e-005    -1.2273e-005
  3.375000e-003    -3.6298e-005    -4.6966e-004     2.0979e-004     8.5277e-005    -1.0201e-004     3.7422e-005     3.8678e-005    -1.2349e-005
  3.500000e-003    -3.7367e-005    -4.6790e-004     1.9907e-004     8.5682e-005    -1.0291e-004     3.7934e-005     3.9624e-005    -1.2399e-005
  3.625000e-003    -3.8402e-005    -4.6508e-004     1.8801e-004     8.5874e-005    -1.0353e-004     3.8396e-005     4.0493e-005    -1.2422e-005
  3.750000e-003    -3.9400e-005    -4.6122e-004     1.7664e-004     8.5854e-005    -1.0387e-004     3.8806e-005     4.1285e-005    -1.2419e-005
  3.875000e-003    -4.0356e-005    -4.5633e-004     1.6496e-004     8.5628e-005    -1.0393e-004     3.9161e-005     4.1996e-005    -1.2390e-005
  4.000000e-003    -4.1266e-005    -4.5043e-004     1.5299e-004     8.5197e-005    -1.0373e-004     3.9459e-005     4.2626e-005    -1.2335e-005
  4.125000e-003    -4.2126e-005    -4.4354e-004     1.4076e-004     8.4565e-005    -1.0326e-004     3.9700e-005     4.3173e-005    -1.2255e-005
  4.250000e-003    -4.2934e-005    -4.3567e-004     1.2828e-004     8.3736e-005    -1.0252e-004     3.9882e-005     4.3636e-005    -1.2150e-005
  4.375000e-003    -4.3684e-005    -4.2685e-004     1.1557e-004     8.2714e-005    -1.0154e-004     4.0004e-005     4.4015e-005    -1.2019e-005
  4.500000e-003    -4.4375e-005    -4.1709e-004     1.0265e-004     8.1502e-005    -1.0030e-004     4.0064e-005     4.4307e-005    -1.1864e-005
  4.625000e-003    -4.5004e-005    -4.0643e-004     8.9543e-005     8.0105e-005    -9.8810e-005     4.0061e-005     4.4513e-005    -1.1685e-005
  4.750000e-003    -4.5567e-005    -3.9488e-004     7.6269e-005     7.8527e-005    -9.7082e-005     3.9996e-005     4.4633e-005    -1.1483e-005
  4.875000e-003    -4.6062e-005    -3.8247e-004     6.2847e-005     7.6774e-005    -9.5120e-005     3.9866e-005     4.4665e-005    -1.1256e-005
  5.000000e-003    -4.6486e-005    -3.6923e-004     4.9299e-005     7.4849e-005    -9.2929e-005     3.9673e-005     4.4609e-005    -1.1007e-005
  5.125000e-003    -4.6838e-005    -3.5517e-004     3.5645e-005     7.2757e-005    -9.0515e-005     3.9414e-005     4.4466e-005    -1.0736e-005
  5.250000e-003    -4.7115e-005    -3.4034e-004     2.1908e-005     7.0504e-005    -8.7886e-005     3.9091e-005     4.4236e-005    -1.0443e-005
  5.375000e-003    -4.7317e-005    -3.2476e-004     8.1077e-006     6.8095e-005    -8.5046e-005     3.8703e-005     4.3918e-005    -1.0129e-005
  5.500000e-003    -4.7440e-005    -3.0846e-004    -5.7329e-006     6.5535e-005    -8.2004e-005     3.8251e-005     4.3514e-005    -9.7945e-006
  5.625000e-003    -4.7484e-005    -2.9148e-004    -1.9593e-005     6.2830e-005    -7.8766e-005     3.7733e-005     4.3023e-005    -9.4400e-006
  5.750000e-003    -4.7449e-005    -2.7383e-004    -3.3450e-005     5.9986e-005    -7.5341e-005     3.7152e-005     4.2448e-005    -9.0662e-006
  5.875000e-003    -4.7331e-005    -2.5557e-004    -4.7283e-005     5.7008e-005    -7.1734e-005     3.6507e-005     4.1788e-005    -8.6739e-006
  6.000000e-003    -4.7132e-005    -2.3672e-004    -6.1070e-005     5.3903e-005    -6.7955e-005     3.5799e-005     4.1044e-005    -8.2638e-006
  6.125000e-003    -4.6851e-005    -2.1731e-004    -7.4789e-005     5.0677e-005    -6.4011e-005     3.5029e-005     4.0218e-005    -7.8366e-006
  6.250000e-003    -4.6486e-005    -1.9739e-004    -8.8419e-005     4.7335e-005    -5.9910e-005     3.4197e-005     3.9311e-005    -7.3930e-006
  6.375000e-003    -4.6038e-005    -1.7698e-004    -1.0194e-004     4.3886e-005    -5.5661e-005     3.3305e-005     3.8325e-005    -6.9340e-006
  6.500000e-003    -4.5508e-005    -1.5612e-004    -1.1533e-004     4.0334e-005    -5.1271e-005     3.2353e-005     3.7261e-005    -6.4602e-006
  6.625000e-003    -4.4894e-005    -1.3486e-004    -1.2856e-004     3.6687e-005    -4.6750e-005     3.1344e-005     3.6121e-005    -5.9726e-006
  6.750000e-003    -4.4198e-005    -1.1323e-004    -1.4162e-004     3.2952e-005    -4.2106e-005     3.0277e-005     3.4906e-005    -5.4719e-006
  6.875000e-003    -4.3420e-005    -9.1263e-005    -1.5449e-004     2.9135e-005    -3.7348e-005     2.9156e-005     3.3619e-005    -4.9591e-006
  7.000000e-003    -4.2560e-005    -6.9002e-005    -1.6714e-004     2.5244e-005    -3.2484e-005     2.7980e-005     3.2263e-005    -4.4349e-006
  7.125000e-003    -4.1620e-005    -4.6484e-005    -1.7956e-004     2.1284e-005    -2.7525e-005     2.6753e-005     3.0838e-005    -3.9004e-006
  7.250000e-003    -4.0601e-005    -2.3750e-005    -1.9172e-004     1.7264e-005    -2.2479e-005     2.5475e-005     2.9347e-005    -3.3563e-006
  7.375000e-003    -3.9504e-005    -8.3691e-007    -2.0361e-004     1.3191e-005    -1.7355e-005     2.4149e-005     2.7793e-005    -2.8037e-006
  7.500000e-003    -3.8329e-005     2.2215e-005    -2.1521e-004     9.0711e-006    -1.2162e-005     2.2776e-005     2.6179e-005    -2.2435e-006
  7.625000e-003    -3.7080e-005     4.5366e-005    -2.2650e-004     4.9122e-006    -6.9107e-006     2.1359e-005     2.4507e-005    -1.6766e-006
  7.750000e-003    -3.5756e-005     6.8576e-005    -2.3747e-004     7.2150e-007    -1.6095e-006     1.9899e-005     2.2779e-005    -1.1039e-006
  7.875000e-003    -3.4361e-005     9.1807e-005    -2.4808e-004    -3.4939e-006     3.7321e-006     1.8399e-005     2.0999e-005    -5.2645e-007
  8.000000e-003    -3.2896e-005     1.1502e-004    -2.5834e-004    -7.7265e-006     9.1044e-006     1.6861e-005     1.9169e-005     5.4815e-008
  8.125000e-003    -3.1363e-005     1.3817e-004    -2.6822e-004    -1.1969e-005     1.4498e-005     1.5288e-005     1.7293e-005     6.3893e-007
  8.250000e-003    -2.9765e-005     1.6123e-004    -2.7770e-004    -1.6215e-005     1.9904e-005     1.3681e-005     1.5373e-005     1.2249e-006
  8.375000e-003    -2.8103e-005     1.8415e-004    -2.8677e-004    -2.0456e-005     2.5312e-005     1.2043e-005     1.3413e-005     1.8118e-006
  8.500000e-003    -2.6380e-005     2.0690e-004    -2.9543e-004    -2.4686e-005     3.0714e-005     1.0377e-005     1.1415e-005     2.3987e-006
  8.625000e-003    -2.4599e-005     2.2943e-004    -3.0364e-004    -2.8897e-005     3.6099e-005     8.6847e-006     9.3842e-006     2.9845e-006
  8.750000e-003    -2.2762e-005     2.5172e-004    -3.1141e-004    -3.3082e-005     4.1459e-005     6.9695e-006     7.3224e-006     3.5683e-006
  8.875000e-003    -2.0872e-005     2.7371e-004    -3.1872e-004    -3.7234e-005     4.6784e-005     5.2336e-006     5.2333e-006     4.1492e-006
  9.000000e-003    -1.8932e-005     2.9539e-004    -3.2555e-004    -4.1346e-005     5.2066e-005     3.4799e-006     3.1203e-006     4.7262e-006
  9.125000e-003    -1.6945e-005     3.1670e-004    -3.3190e-004    -4.5412e-005     5.7294e-005     1.7110e-006     9.8693e-007     5.2983e-006
  9.250000e-003    -1.4914e-005     3.3762e-004    -3.3775e-004    -4.9423e-005     6.2461e-005    -7.0448e-008    -1.1634e-006     5.8646e-006
  9.375000e-003    -1.2842e-005     3.5810e-004    -3.4310e-004    -5.3375e-005     6.7558e-005    -1.8615e-006    -3.3272e-006     6.4243e-006
  9.500000e-003    -1.0733e-005     3.7813e-004    -3.4794e-004    -5.7260e-005     7.2575e-005    -3.6595e-006    -5.5009e-006     6.9762e-006
  9.625000e-003    -8.5890e-006     3.9765e-004    -3.5226e-004    -6.1072e-005     7.7505e-005    -5.4617e-006    -7.6810e-006     7.5197e-006
  9.750000e-003    -6.4140e-006     4.1665e-004    -3.5605e-004    -6.4804e-005     8.2338e-005    -7.2651e-006    -9.8640e-006     8.0537e-006
  9.875000e-003    -4.2112e-006     4.3508e-004    -3.5931e-004    -6.8450e-005     8.7068e-005    -9.0670e-006    -1.2046e-005     8.5775e-006
  1.000000e-002    -1.9842e-006     4.5292e-004    -3.6203e-004    -7.2004e-005     9.1685e-005    -1.0865e-005    -1.4224e-005     9.0901e-006
  1.012500e-002     2.6354e-007     4.7014e-004    -3.6421e-004    -7.5461e-005     9.6183e-005    -1.2655e-005    -1.6395e-005     9.5907e-006
  1.025000e-002     2.5285e-006     4.8671e-004    -3.6584e-004    -7.8814e-005     1.0055e-004    -1.4436e-005    -1.8554e-005     1.0079e-005
  1.037500e-002     4.8072e-006     5.0260e-004    -3.6692e-004    -8.2058e-005     1.0479e-004    -1.6203e-005    -2.0698e-005     1.0553e-005
  1.050000e-002     7.0959e-006     5.1779e-004    -3.6745e-004    -8.5188e-005     1.0888e-004    -1.7956e-005    -2.2824e-005     1.1013e-005
  1.062500e-002     9.3911e-006     5.3225e-004    -3.6743e-004    -8.8198e-005     1.1283e-004    -1.9690e-005    -2.4928e-005     1.1457e-005
  1.075000e-002     1.1689e-005     5.4595e-004    -3.6685e-004    -9.1084e-005     1.1661e-004    -2.1403e-005    -2.7007e-005     1.1886e-005
  1.087500e-002     1.3986e-005     5.5888e-004    -3.6573e-004    -9.3840e-005     1.2024e-004    -2.3092e-005    -2.9058e-005     1.2299e-005
  1.100000e-002     1.6279e-005     5.7101e-004    -3.6405e-004    -9.6463e-005     1.2370e-004    -2.4755e-005    -3.1077e-005     1.2694e-005
  1.112500e-002     1.8564e-005     5.8232e-004    -3.6183e-004    -9.8947e-005     1.2698e-004    -2.6390e-005    -3.3060e-005     1.3071e-005
  1.125000e-002     2.0836e-005     5.9279e-004    -3.5906e-004    -1.0129e-004     1.3009e-004    -2.7992e-005    -3.5006e-005     1.3430e-005
  1.137500e-002     2.3094e-005     6.0241e-004    -3.5575e-004    -1.0348e-004     1.3301e-004    -2.9561e-005    -3.6909e-005     1.3770e-005
  1.150000e-002     2.5333e-005     6.1116e-004    -3.5191e-004    -1.0553e-004     1.3574e-004    -3.1093e-005    -3.8769e-005     1.4090e-005
  1.162500e-002     2.7549e-005     6.1902e-004    -3.4753e-004    -1.0742e-004     1.3828e-004    -3.2586e-005    -4.0580e-005     1.4390e-005
  1.175000e-002     2.9739e-005     6.2598e-004    -3.4263e-004    -1.0916e-004     1.4061e-004    -3.4038e-005    -4.2341e-005     1.4669e-005
  1.187500e-002     3.1899e-005     6.3203e-004    -3.3722e-004    -1.1073e-004     1.4275e-004    -3.5446e-005    -4.4049e-005     1.4927e-005
  1.200000e-002     3.4026e-005     6.3716e-004    -3.3130e-004    -1.1215e-004     1.4468e-004    -3.6809e-005    -4.5700e-005     1.5164e-005
  1.212500e-002     3.6117e-005     6.4135e-004    -3.2487e-004    -1.1340e-004     1.4639e-004    -3.8123e-005    -4.7292e-005     1.5379e-005
  1.225000e-002     3.8168e-005     6.4461e-004    -3.1796e-004    -1.1448e-004     1.4790e-004    -3.9388e-005    -4.8823e-005     1.5571e-005
  1.237500e-002     4.0176e-005     6.4692e-004    -3.1057e-004    -1.1540e-004     1.4919e-004    -4.0600e-005    -5.0290e-005     1.5741e-005
  1.250000e-002     4.2138e-005     6.4828e-004    -3.0271e-004    -1.1614e-004     1.5026e-004    -4.1758e-005    -5.1690e-005     1.5888e-005
  1.262500e-002     4.4050e-005     6.4868e-004    -2.9440e-004    -1.1671e-004     1.5111e-004    -4.2861e-005    -5.3021e-005     1.6012e-005
  1.275000e-002     4.5910e-005     6.4813e-004    -2.8564e-004    -1.1711e-004     1.5174e-004    -4.3905e-005    -5.4282e-005     1.6112e-005
  1.287500e-002     4.7714e-005     6.4663e-004    -2.7645e-004    -1.1734e-004     1.5215e-004    -4.4891e-005    -5.5469e-005     1.6189e-005
  1.300000e-002     4.9460e-005     6.4417e-004    -2.6685e-004    -1.1739e-004     1.5233e-004    -4.5815e-005    -5.6582e-005     1.6243e-005
  1.312500e-002     5.1144e-005     6.4076e-004    -2.5684e-004    -1.1727e-004     1.5229e-004    -4.6678e-005    -5.7617e-005     1.6272e-005
  1.325000e-002     5.2764e-005     6.3640e-004    -2.4645e-004    -1.1697e-004     1.5202e-004    -4.7476e-005    -5.8574e-005     1.6277e-005
  1.337500e-002     5.4318e-005     6.3110e-004    -2.3569e-004    -1.1650e-004     1.5153e-004    -4.8210e-005    -5.9451e-005     1.6259e-005
  1.350000e-002     5.5802e-005     6.2486e-004    -2.2458e-004    -1.1586e-004     1.5082e-004    -4.8877e-005    -6.0246e-005     1.6217e-005
  1.362500e-002     5.7214e-005     6.1770e-004    -2.1312e-004    -1.1504e-004     1.4988e-004    -4.9477e-005    -6.0957e-005     1.6151e-005
  1.375000e-002     5.8553e-005     6.0963e-004    -2.0135e-004    -1.1406e-004     1.4872e-004    -5.0008e-005    -6.1585e-005     1.6061e-005
  1.387500e-002     5.9815e-005     6.0065e-004    -1.8928e-004    -1.1290e-004     1.4734e-004    -5.0470e-005    -6.2127e-005     1.5947e-005
  1.400000e-002     6.1000e-005     5.9078e-004    -1.7692e-004    -1.1157e-004     1.4574e-004    -5.0863e-005    -6.2583e-005     1.5810e-005
  1.412500e-002     6.2103e-005     5.8003e-004    -1.6430e-004    -1.1008e-004     1.4392e-004    -5.1185e-005    -6.2951e-005     1.5650e-005
  1.425000e-002     6.3125e-005     5.6842e-004    -1.5144e-004    -1.0842e-004     1.4189e-004    -5.1435e-005    -6.3232e-005     1.5466e-005
  1.437500e-002     6.4063e-005     5.5597e-004    -1.3835e-004    -1.0660e-004     1.3965e-004    -5.1614e-005    -6.3424e-005     1.5260e-005
  1.450000e-002     6.4916e-005     5.4270e-004    -1.2505e-004    -1.0463e-004     1.3720e-004    -5.1721e-005    -6.3528e-005     1.5031e-005
  1.462500e-002     6.5682e-005     5.2861e-004    -1.1157e-004    -1.0249e-004     1.3454e-004    -5.1756e-005    -6.3542e-005     1.4781e-005
  1.475000e-002     6.6359e-005     5.1375e-004    -9.7931e-005    -1.0020e-004     1.3169e-004    -5.1718e-005    -6.3467e-005     1.4508e-005
  1.487500e-002     6.6948e-005     4.9812e-004    -8.4144e-005    -9.7766e-005     1.2864e-004    -5.1608e-005    -6.3302e-005     1.4214e-005
  1.500000e-002     6.7446e-005     4.8176e-004    -7.0235e-005    -9.5183e-005     1.2539e-004    -5.1426e-005    -6.3049e-005     1.3899e-005
  1.512500e-002     6.7852e-005     4.6468e-004    -5.6226e-005    -9.2457e-005     1.2196e-004    -5.1173e-005    -6.2707e-005     1.3563e-005
  1.525000e-002     6.8167e-005     4.4691e-004    -4.2137e-005    -8.9593e-005     1.1835e-004    -5.0847e-005    -6.2276e-005     1.3207e-005
  1.537500e-002     6.8389e-005     4.2848e-004    -2.7991e-005    -8.6595e-005     1.1456e-004    -5.0450e-005    -6.1757e-005     1.2832e-005
  1.550000e-002     6.8518e-005     4.0942e-004    -1.3808e-005    -8.3468e-005     1.1060e-004    -4.9983e-005    -6.1151e-005     1.2438e-005
  1.562500e-002     6.8553e-005     3.8975e-004     3.8807e-007    -8.0216e-005     1.0648e-004    -4.9445e-005    -6.0459e-005     1.2026e-005
  1.575000e-002     6.8495e-005     3.6951e-004     1.4577e-005    -7.6845e-005     1.0220e-004    -4.8839e-005    -5.9681e-005     1.1596e-005
  1.587500e-002     6.8343e-005     3.4872e-004     2.8737e-005    -7.3359e-005     9.7760e-005    -4.8164e-005    -5.8819e-005     1.1149e-005
  1.600000e-002     6.8097e-005     3.2742e-004     4.2846e-005    -6.9764e-005     9.3179e-005    -4.7422e-005    -5.7874e-005     1.0686e-005
  1.612500e-002     6.7758e-005     3.0564e-004     5.6882e-005    -6.6065e-005     8.8459e-005    -4.6614e-005    -5.6848e-005     1.0207e-005
  1.625000e-002     6.7326e-005     2.8341e-004     7.0824e-005    -6.2268e-005     8.3608e-005    -4.5740e-005    -5.5741e-005     9.7128e-006
  1.637500e-002     6.6802e-005     2.6077e-004     8.4650e-005    -5.8378e-005     7.8632e-005    -4.4803e-005    -5.4555e-005     9.2046e-006
  1.650000e-002     6.6186e-005     2.3775e-004     9.8340e-005    -5.4402e-005     7.3539e-005    -4.3804e-005    -5.3292e-005     8.6831e-006
  1.662500e-002     6.5479e-005     2.1439e-004     1.1187e-004    -5.0345e-005     6.8338e-005    -4.2744e-005    -5.1955e-005     8.1489e-006
  1.675000e-002     6.4682e-005     1.9072e-004     1.2523e-004    -4.6215e-005     6.3035e-005    -4.1624e-005    -5.0544e-005     7.6029e-006
  1.687500e-002     6.3797e-005     1.6677e-004     1.3838e-004    -4.2016e-005     5.7639e-005    -4.0447e-005    -4.9062e-005     7.0460e-006
  1.700000e-002     6.2824e-005     1.4259e-004     1.5131e-004    -3.7755e-005     5.2158e-005    -3.9214e-005    -4.7512e-005     6.4789e-006
  1.712500e-002     6.1764e-005     1.1821e-004     1.6401e-004    -3.3440e-005     4.6600e-005    -3.7927e-005    -4.5895e-005     5.9025e-006
  1.725000e-002     6.0620e-005     9.3673e-005     1.7645e-004    -2.9076e-005     4.0974e-005    -3.6588e-005    -4.4214e-005     5.3177e-006
  1.737500e-002     5.9393e-005     6.9007e-005     1.8861e-004    -2.4670e-005     3.5289e-005    -3.5200e-005    -4.2471e-005     4.7255e-006
  1.750000e-002     5.8085e-005     4.4255e-005     2.0047e-004    -2.0229e-005     2.9552e-005    -3.3763e-005    -4.0669e-005     4.1266e-006
  1.762500e-002     5.6697e-005     1.9454e-005     2.1202e-004    -1.5760e-005     2.3774e-005    -3.2280e-005    -3.8811e-005     3.5221e-006
  1.775000e-002     5.5232e-005    -5.3587e-006     2.2324e-004    -1.1270e-005     1.7961e-005    -3.0754e-005    -3.6900e-005     2.9128e-006
  1.787500e-002     5.3692e-005    -3.0144e-005     2.3411e-004    -6.7643e-006     1.2124e-005    -2.9187e-005    -3.4937e-005     2.2997e-006
  1.800000e-002     5.2079e-005    -5.4865e-005     2.4461e-004    -2.2514e-006     6.2716e-006    -2.7581e-005    -3.2927e-005     1.6836e-006
  1.812500e-002     5.0395e-005    -7.9482e-005     2.5473e-004     2.2624e-006     4.1213e-007    -2.5939e-005    -3.0873e-005     1.0656e-006
  1.825000e-002     4.8643e-005    -1.0396e-004     2.6445e-004     6.7701e-006    -5.4453e-006    -2.4262e-005    -2.8776e-005     4.4665e-007
  1.837500e-002     4.6826e-005    -1.2826e-004     2.7376e-004     1.1265e-005    -1.1292e-005    -2.2555e-005    -2.6642e-005    -1.7241e-007
  1.850000e-002     4.4946e-005    -1.5235e-004     2.8265e-004     1.5740e-005    -1.7118e-005    -2.0818e-005    -2.4472e-005    -7.9059e-007
  1.862500e-002     4.3006e-005    -1.7618e-004     2.9109e-004     2.0188e-005    -2.2916e-005    -1.9055e-005    -2.2270e-005    -1.4069e-006
  1.875000e-002     4.1009e-005    -1.9972e-004     2.9908e-004     2.4602e-005    -2.8675e-005    -1.7269e-005    -2.0039e-005    -2.0205e-006
  1.887500e-002     3.8958e-005    -2.2295e-004     3.0660e-004     2.8976e-005    -3.4389e-005    -1.5463e-005    -1.7783e-005    -2.6304e-006
  1.900000e-002     3.6856e-005    -2.4581e-004     3.1365e-004     3.3304e-005    -4.0047e-005    -1.3638e-005    -1.5505e-005    -3.2357e-006
  1.912500e-002     3.4706e-005    -2.6827e-004     3.2021e-004     3.7577e-005    -4.5641e-005    -1.1798e-005    -1.3209e-005    -3.8354e-006
  1.925000e-002     3.2511e-005    -2.9031e-004     3.2627e-004     4.1791e-005    -5.1163e-005    -9.9451e-006    -1.0898e-005    -4.4286e-006
  1.937500e-002     3.0274e-005    -3.1189e-004     3.3183e-004     4.5938e-005    -5.6605e-005    -8.0830e-006    -8.5749e-006    -5.0144e-006
  1.950000e-002     2.8000e-005    -3.3297e-004     3.3686e-004     5.0011e-005    -6.1957e-005    -6.2141e-006    -6.2441e-006    -5.5919e-006
  1.962500e-002     2.5691e-005    -3.5352e-004     3.4138e-004     5.4006e-005    -6.7211e-005    -4.3412e-006    -3.9089e-006    -6.1603e-006
  1.975000e-002     2.3351e-005    -3.7351e-004     3.4536e-004     5.7915e-005    -7.2361e-005    -2.4673e-006    -1.5728e-006    -6.7187e-006
  1.987500e-002     2.0979e-005    -3.9281e-004     3.4872e-004     6.1717e-005    -7.7377e-005    -5.9582e-007     7.5966e-007    -7.2642e-006
  2.000000e-002     1.8598e-005    -4.1190e-004     3.5190e-004     6.5487e-005    -8.2353e-005     1.2743e-006     3.0904e-006    -7.8058e-006
