i    Time
  0.000000e+000    -1.1002e-005    -1.1155e-004     3.4388e-004    -2.3325e-005     5.8795e-005     1.0027e-005    -7.6501e-006    -2.3860e-006
  1.250000e-004    -1.2352e-005    -1.3425e-004     3.4338e-004    -1.4751e-005     4.7469e-005     1.0670e-005    -4.7041e-006    -3.1001e-006
  2.500000e-004    -1.3677e-005    -1.5687e-004     3.4282e-004    -6.3345e-006     3.6321e-005     1.1336e-005    -1.7962e-006    -3.8060e-006
  3.750000e-004    -1.4928e-005    -1.7915e-004     3.4202e-004     1.5467e-006     2.5776e-005     1.2083e-005     9.8578e-007    -4.4826e-006
  5.000000e-004    -1.6138e-005    -2.0101e-004     3.4097e-004     8.9966e-006     1.5724e-005     1.2890e-005     3.6700e-006    -5.1340e-006
  6.250000e-004    -1.7317e-005    -2.2238e-004     3.3963e-004     1.6036e-005     6.1447e-006     1.3754e-005     6.2634e-006    -5.7600e-006
  7.500000e-004    -1.8479e-005    -2.4316e-004     3.3796e-004     2.2683e-005    -2.9782e-006     1.4668e-005     8.7716e-006    -6.3604e-006
  8.750000e-004    -1.9629e-005    -2.6330e-004     3.3595e-004     2.8955e-005    -1.1660e-005     1.5625e-005     1.1199e-005    -6.9351e-006
  1.000000e-003    -2.0776e-005    -2.8273e-004     3.3357e-004     3.4865e-005    -1.9915e-005     1.6621e-005     1.3549e-005    -7.4837e-006
  1.125000e-003    -2.1923e-005    -3.0140e-004     3.3080e-004     4.0428e-005    -2.7753e-005     1.7650e-005     1.5825e-005    -8.0062e-006
  1.250000e-003    -2.3072e-005    -3.1924e-004     3.2763e-004     4.5654e-005    -3.5188e-005     1.8706e-005     1.8027e-005    -8.5022e-006
  1.375000e-003    -2.4226e-005    -3.3622e-004     3.2403e-004     5.0554e-005    -4.2227e-005     1.9784e-005     2.0156e-005    -8.9716e-006
  1.500000e-003    -2.5385e-005    -3.5230e-004     3.2001e-004     5.5137e-005    -4.8879e-005     2.0878e-005     2.2215e-005    -9.4141e-006
  1.625000e-003    -2.6548e-005    -3.6744e-004     3.1555e-004     5.9412e-005    -5.5153e-005     2.1984e-005     2.4201e-005    -9.8296e-006
  1.750000e-003    -2.7714e-005    -3.8161e-004     3.1065e-004     6.3386e-005    -6.1054e-005     2.3097e-005     2.6115e-005    -1.0218e-005
  1.875000e-003    -2.8881e-005    -3.9479e-004     3.0530e-004     6.7066e-005    -6.6590e-005     2.4211e-005     2.7957e-005    -1.0579e-005
  2.000000e-003    -3.0047e-005    -4.0694e-004     2.9951e-004     7.0459e-005    -7.1767e-005     2.5322e-005     2.9725e-005    -1.0912e-005
  2.125000e-003    -3.1209e-005    -4.1806e-004     2.9327e-004     7.3571e-005    -7.6589e-005     2.6425e-005     3.1418e-005    -1.1218e-005
  2.250000e-003    -3.2363e-005    -4.2812e-004     2.8659e-004     7.6406e-005    -8.1061e-005     2.7517e-005     3.3035e-005    -1.1495e-005
  2.375000e-003    -3.3506e-005    -4.3712e-004     2.7947e-004     7.8969e-005    -8.5189e-005     2.8592e-005     3.4575e-005    -1.1745e-005
  2.500000e-003    -3.4634e-005    -4.4503e-004     2.7191e-004     8.1267e-005    -8.8977e-005     2.9647e-005     3.6036e-005    -1.1967e-005
  2.625000e-003    -3.5744e-005    -4.5185e-004     2.6393e-004     8.3302e-005    -9.2429e-005     3.0677e-005     3.7416e-005    -1.2161e-005
  2.750000e-003    -3.6832e-005    -4.5759e-004     2.5553e-004     8.5080e-005    -9.5549e-005     3.1680e-005     3.8715e-005    -1.2328e-005
  2.875000e-003    -3.7893e-005    -4.6222e-004     2.4672e-004     8.6604e-005    -9.8342e-005     3.2651e-005     3.9930e-005    -1.2466e-005
  3.000000e-003    -3.8924e-005    -4.6576e-004     2.3751e-004     8.7879e-005    -1.0081e-004     3.3587e-005     4.1061e-005    -1.2576e-005
  3.125000e-003    -3.9921e-005    -4.6820e-004     2.2791e-004     8.8909e-005    -1.0296e-004     3.4485e-005     4.2105e-005    -1.2659e-005
  3.250000e-003    -4.0880e-005    -4.6954e-004     2.1793e-004     8.9697e-005    -1.0479e-004     3.5341e-005     4.3062e-005    -1.2714e-005
  3.375000e-003    -4.1797e-005    -4.6980e-004     2.0760e-004     9.0248e-005    -1.0632e-004     3.6153e-005     4.3930e-005    -1.2741e-005
  3.500000e-003    -4.2669e-005    -4.6898e-004     1.9692e-004     9.0565e-005    -1.0753e-004     3.6917e-005     4.4709e-005    -1.2742e-005
  3.625000e-003    -4.3492e-005    -4.6708e-004     1.8590e-004     9.0653e-005    -1.0844e-004     3.7632e-005     4.5396e-005    -1.2715e-005
  3.750000e-003    -4.4263e-005    -4.6413e-004     1.7457e-004     9.0516e-005    -1.0906e-004     3.8295e-005     4.5992e-005    -1.2661e-005
  3.875000e-003    -4.4978e-005    -4.6012e-004     1.6294e-004     9.0159e-005    -1.0938e-004     3.8903e-005     4.6495e-005    -1.2581e-005
  4.000000e-003    -4.5634e-005    -4.5508e-004     1.5103e-004     8.9584e-005    -1.0941e-004     3.9455e-005     4.6904e-005    -1.2475e-005
  4.125000e-003    -4.6229e-005    -4.4903e-004     1.3885e-004     8.8798e-005    -1.0915e-004     3.9948e-005     4.7220e-005    -1.2343e-005
  4.250000e-003    -4.6760e-005    -4.4197e-004     1.2643e-004     8.7803e-005    -1.0862e-004     4.0381e-005     4.7442e-005    -1.2185e-005
  4.375000e-003    -4.7224e-005    -4.3393e-004     1.1377e-004     8.6606e-005    -1.0782e-004     4.0751e-005     4.7569e-005    -1.2003e-005
  4.500000e-003    -4.7619e-005    -4.2493e-004     1.0092e-004     8.5211e-005    -1.0674e-004     4.1059e-005     4.7601e-005    -1.1796e-005
  4.625000e-003    -4.7942e-005    -4.1498e-004     8.7868e-005     8.3622e-005    -1.0540e-004     4.1301e-005     4.7539e-005    -1.1565e-005
  4.750000e-003    -4.8192e-005    -4.0412e-004     7.4653e-005     8.1845e-005    -1.0381e-004     4.1477e-005     4.7382e-005    -1.1310e-005
  4.875000e-003    -4.8367e-005    -3.9237e-004     6.1291e-005     7.9886e-005    -1.0196e-004     4.1587e-005     4.7132e-005    -1.1032e-005
  5.000000e-003    -4.8465e-005    -3.7975e-004     4.7801e-005     7.7748e-005    -9.9873e-005     4.1628e-005     4.6788e-005    -1.0732e-005
  5.125000e-003    -4.8484e-005    -3.6629e-004     3.4206e-005     7.5439e-005    -9.7545e-005     4.1601e-005     4.6351e-005    -1.0410e-005
  5.250000e-003    -4.8425e-005    -3.5202e-004     2.0527e-005     7.2963e-005    -9.4987e-005     4.1505e-005     4.5821e-005    -1.0067e-005
  5.375000e-003    -4.8285e-005    -3.3696e-004     6.7841e-006     7.0327e-005    -9.2204e-005     4.1339e-005     4.5201e-005    -9.7038e-006
  5.500000e-003    -4.8064e-005    -3.2115e-004    -7.0001e-006     6.7537e-005    -8.9204e-005     4.1104e-005     4.4490e-005    -9.3205e-006
  5.625000e-003    -4.7761e-005    -3.0461e-004    -2.0804e-005     6.4597e-005    -8.5994e-005     4.0799e-005     4.3691e-005    -8.9181e-006
  5.750000e-003    -4.7376e-005    -2.8739e-004    -3.4606e-005     6.1516e-005    -8.2582e-005     4.0424e-005     4.2804e-005    -8.4974e-006
  5.875000e-003    -4.6909e-005    -2.6951e-004    -4.8385e-005     5.8299e-005    -7.8976e-005     3.9980e-005     4.1831e-005    -8.0591e-006
  6.000000e-003    -4.6359e-005    -2.5100e-004    -6.2119e-005     5.4953e-005    -7.5184e-005     3.9466e-005     4.0774e-005    -7.6041e-006
  6.125000e-003    -4.5726e-005    -2.3190e-004    -7.5786e-005     5.1484e-005    -7.1214e-005     3.8883e-005     3.9634e-005    -7.1331e-006
  6.250000e-003    -4.5012e-005    -2.1225e-004    -8.9364e-005     4.7899e-005    -6.7074e-005     3.8232e-005     3.8413e-005    -6.6471e-006
  6.375000e-003    -4.4216e-005    -1.9209e-004    -1.0283e-004     4.4205e-005    -6.2772e-005     3.7514e-005     3.7114e-005    -6.1467e-006
  6.500000e-003    -4.3339e-005    -1.7144e-004    -1.1617e-004     4.0410e-005    -5.8318e-005     3.6729e-005     3.5739e-005    -5.6330e-006
  6.625000e-003    -4.2382e-005    -1.5034e-004    -1.2936e-004     3.6519e-005    -5.3720e-005     3.5878e-005     3.4289e-005    -5.1069e-006
  6.750000e-003    -4.1346e-005    -1.2884e-004    -1.4237e-004     3.2541e-005    -4.8988e-005     3.4962e-005     3.2768e-005    -4.5691e-006
  6.875000e-003    -4.0231e-005    -1.0697e-004    -1.5519e-004     2.8483e-005    -4.4129e-005     3.3984e-005     3.1177e-005    -4.0207e-006
  7.000000e-003    -3.9041e-005    -8.4776e-005    -1.6780e-004     2.4351e-005    -3.9154e-005     3.2943e-005     2.9520e-005    -3.4626e-006
  7.125000e-003    -3.7775e-005    -6.2287e-005    -1.8017e-004     2.0154e-005    -3.4072e-005     3.1841e-005     2.7799e-005    -2.8958e-006
  7.250000e-003    -3.6435e-005    -3.9548e-005    -1.9229e-004     1.5898e-005    -2.8892e-005     3.0681e-005     2.6017e-005    -2.3211e-006
  7.375000e-003    -3.5024e-005    -1.6597e-005    -2.0414e-004     1.1592e-005    -2.3624e-005     2.9463e-005     2.4177e-005    -1.7396e-006
  7.500000e-003    -3.3543e-005     6.5258e-006    -2.1569e-004     7.2429e-006    -1.8277e-005     2.8190e-005     2.2282e-005    -1.1523e-006
  7.625000e-003    -3.1994e-005     2.9780e-005    -2.2694e-004     2.8581e-006    -1.2862e-005     2.6863e-005     2.0335e-005    -5.6013e-007
  7.750000e-003    -3.0380e-005     5.3127e-005    -2.3786e-004    -1.5546e-006    -7.3865e-006     2.5485e-005     1.8339e-005     3.5933e-008
  7.875000e-003    -2.8702e-005     7.6525e-005    -2.4844e-004    -5.9877e-006    -1.8619e-006     2.4056e-005     1.6298e-005     6.3487e-007
  8.000000e-003    -2.6964e-005     9.9935e-005    -2.5866e-004    -1.0433e-005     3.7024e-006     2.2580e-005     1.4215e-005     1.2357e-006
  8.125000e-003    -2.5167e-005     1.2332e-004    -2.6849e-004    -1.4884e-005     9.2966e-006     2.1059e-005     1.2094e-005     1.8374e-006
  8.250000e-003    -2.3314e-005     1.4663e-004    -2.7794e-004    -1.9333e-005     1.4911e-005     1.9495e-005     9.9367e-006     2.4390e-006
  8.375000e-003    -2.1409e-005     1.6984e-004    -2.8698e-004    -2.3771e-005     2.0536e-005     1.7890e-005     7.7482e-006     3.0394e-006
  8.500000e-003    -1.9453e-005     1.9290e-004    -2.9559e-004    -2.8192e-005     2.6161e-005     1.6248e-005     5.5316e-006     3.6378e-006
  8.625000e-003    -1.7450e-005     2.1578e-004    -3.0378e-004    -3.2588e-005     3.1777e-005     1.4569e-005     3.2905e-006     4.2331e-006
  8.750000e-003    -1.5404e-005     2.3843e-004    -3.1151e-004    -3.6952e-005     3.7374e-005     1.2858e-005     1.0286e-006     4.8244e-006
  8.875000e-003    -1.3316e-005     2.6082e-004    -3.1878e-004    -4.1276e-005     4.2943e-005     1.1116e-005    -1.2505e-006     5.4106e-006
  9.000000e-003    -1.1190e-005     2.8291e-004    -3.2558e-004    -4.5554e-005     4.8474e-005     9.3464e-006    -3.5429e-006     5.9908e-006
  9.125000e-003    -9.0304e-006     3.0466e-004    -3.3189e-004    -4.9777e-005     5.3957e-005     7.5519e-006    -5.8451e-006     6.5640e-006
  9.250000e-003    -6.8393e-006     3.2605e-004    -3.3771e-004    -5.3939e-005     5.9384e-005     5.7353e-006    -8.1532e-006     7.1294e-006
  9.375000e-003    -4.6205e-006     3.4702e-004    -3.4303e-004    -5.8033e-005     6.4745e-005     3.8994e-006    -1.0463e-005     7.6860e-006
  9.500000e-003    -2.3774e-006     3.6755e-004    -3.4783e-004    -6.2053e-005     7.0030e-005     2.0471e-006    -1.2772e-005     8.2329e-006
  9.625000e-003    -1.1345e-007     3.8760e-004    -3.5212e-004    -6.5991e-005     7.5232e-005     1.8115e-007    -1.5076e-005     8.7691e-006
  9.750000e-003     2.1677e-006     4.0715e-004    -3.5588e-004    -6.9841e-005     8.0341e-005    -1.6954e-006    -1.7370e-005     9.2939e-006
  9.875000e-003     4.4626e-006     4.2614e-004    -3.5911e-004    -7.3597e-005     8.5349e-005    -3.5797e-006    -1.9652e-005     9.8063e-006
  1.000000e-002     6.7676e-006     4.4457e-004    -3.6180e-004    -7.7253e-005     9.0246e-005    -5.4687e-006    -2.1917e-005     1.0306e-005
  1.012500e-002     9.0791e-006     4.6238e-004    -3.6395e-004    -8.0801e-005     9.5026e-005    -7.3596e-006    -2.4162e-005     1.0791e-005
  1.025000e-002     1.1393e-005     4.7957e-004    -3.6556e-004    -8.4238e-005     9.9680e-005    -9.2492e-006    -2.6383e-005     1.1261e-005
  1.037500e-002     1.3707e-005     4.9608e-004    -3.6661e-004    -8.7556e-005     1.0420e-004    -1.1135e-005    -2.8577e-005     1.1716e-005
  1.050000e-002     1.6016e-005     5.1191e-004    -3.6711e-004    -9.0751e-005     1.0858e-004    -1.3013e-005    -3.0740e-005     1.2155e-005
  1.062500e-002     1.8317e-005     5.2702e-004    -3.6707e-004    -9.3818e-005     1.1281e-004    -1.4882e-005    -3.2869e-005     1.2577e-005
  1.075000e-002     2.0606e-005     5.4138e-004    -3.6647e-004    -9.6750e-005     1.1688e-004    -1.6737e-005    -3.4959e-005     1.2980e-005
  1.087500e-002     2.2880e-005     5.5498e-004    -3.6532e-004    -9.9543e-005     1.2079e-004    -1.8576e-005    -3.7008e-005     1.3366e-005
  1.100000e-002     2.5134e-005     5.6779e-004    -3.6362e-004    -1.0219e-004     1.2453e-004    -2.0397e-005    -3.9013e-005     1.3733e-005
  1.112500e-002     2.7367e-005     5.7978e-004    -3.6137e-004    -1.0470e-004     1.2810e-004    -2.2196e-005    -4.0970e-005     1.4080e-005
  1.125000e-002     2.9573e-005     5.9094e-004    -3.5858e-004    -1.0705e-004     1.3148e-004    -2.3971e-005    -4.2875e-005     1.4407e-005
  1.137500e-002     3.1749e-005     6.0126e-004    -3.5525e-004    -1.0924e-004     1.3468e-004    -2.5718e-005    -4.4727e-005     1.4713e-005
  1.150000e-002     3.3892e-005     6.1070e-004    -3.5139e-004    -1.1128e-004     1.3768e-004    -2.7435e-005    -4.6521e-005     1.4998e-005
  1.162500e-002     3.5999e-005     6.1926e-004    -3.4699e-004    -1.1315e-004     1.4049e-004    -2.9119e-005    -4.8255e-005     1.5261e-005
  1.175000e-002     3.8066e-005     6.2692e-004    -3.4208e-004    -1.1486e-004     1.4309e-004    -3.0768e-005    -4.9927e-005     1.5502e-005
  1.187500e-002     4.0090e-005     6.3367e-004    -3.3664e-004    -1.1639e-004     1.4549e-004    -3.2378e-005    -5.1532e-005     1.5721e-005
  1.200000e-002     4.2067e-005     6.3950e-004    -3.3070e-004    -1.1776e-004     1.4767e-004    -3.3948e-005    -5.3070e-005     1.5917e-005
  1.212500e-002     4.3994e-005     6.4439e-004    -3.2426e-004    -1.1895e-004     1.4964e-004    -3.5475e-005    -5.4536e-005     1.6090e-005
  1.225000e-002     4.5869e-005     6.4833e-004    -3.1734e-004    -1.1997e-004     1.5139e-004    -3.6957e-005    -5.5929e-005     1.6239e-005
  1.237500e-002     4.7688e-005     6.5133e-004    -3.0993e-004    -1.2081e-004     1.5292e-004    -3.8390e-005    -5.7247e-005     1.6364e-005
  1.250000e-002     4.9448e-005     6.5337e-004    -3.0206e-004    -1.2147e-004     1.5423e-004    -3.9774e-005    -5.8487e-005     1.6466e-005
  1.262500e-002     5.1147e-005     6.5445e-004    -2.9373e-004    -1.2195e-004     1.5531e-004    -4.1105e-005    -5.9647e-005     1.6543e-005
  1.275000e-002     5.2782e-005     6.5456e-004    -2.8496e-004    -1.2225e-004     1.5616e-004    -4.2381e-005    -6.0726e-005     1.6596e-005
  1.287500e-002     5.4349e-005     6.5371e-004    -2.7576e-004    -1.2237e-004     1.5678e-004    -4.3601e-005    -6.1721e-005     1.6624e-005
  1.300000e-002     5.5848e-005     6.5190e-004    -2.6615e-004    -1.2230e-004     1.5717e-004    -4.4762e-005    -6.2631e-005     1.6628e-005
  1.312500e-002     5.7274e-005     6.4912e-004    -2.5613e-004    -1.2205e-004     1.5732e-004    -4.5864e-005    -6.3454e-005     1.6608e-005
  1.325000e-002     5.8626e-005     6.4538e-004    -2.4573e-004    -1.2162e-004     1.5725e-004    -4.6903e-005    -6.4190e-005     1.6563e-005
  1.337500e-002     5.9901e-005     6.4069e-004    -2.3496e-004    -1.2101e-004     1.5694e-004    -4.7878e-005    -6.4835e-005     1.6494e-005
  1.350000e-002     6.1098e-005     6.3505e-004    -2.2384e-004    -1.2022e-004     1.5639e-004    -4.8788e-005    -6.5391e-005     1.6400e-005
  1.362500e-002     6.2215e-005     6.2847e-004    -2.1238e-004    -1.1925e-004     1.5562e-004    -4.9631e-005    -6.5855e-005     1.6282e-005
  1.375000e-002     6.3249e-005     6.2095e-004    -2.0061e-004    -1.1810e-004     1.5461e-004    -5.0405e-005    -6.6226e-005     1.6140e-005
  1.387500e-002     6.4199e-005     6.1252e-004    -1.8853e-004    -1.1677e-004     1.5338e-004    -5.1111e-005    -6.6505e-005     1.5975e-005
  1.400000e-002     6.5063e-005     6.0317e-004    -1.7617e-004    -1.1527e-004     1.5191e-004    -5.1745e-005    -6.6690e-005     1.5785e-005
  1.412500e-002     6.5840e-005     5.9293e-004    -1.6355e-004    -1.1359e-004     1.5022e-004    -5.2309e-005    -6.6781e-005     1.5572e-005
  1.425000e-002     6.6528e-005     5.8181e-004    -1.5068e-004    -1.1175e-004     1.4830e-004    -5.2799e-005    -6.6778e-005     1.5337e-005
  1.437500e-002     6.7127e-005     5.6983e-004    -1.3759e-004    -1.0974e-004     1.4616e-004    -5.3216e-005    -6.6680e-005     1.5078e-005
  1.450000e-002     6.7635e-005     5.5700e-004    -1.2430e-004    -1.0756e-004     1.4381e-004    -5.3559e-005    -6.6489e-005     1.4797e-005
  1.462500e-002     6.8052e-005     5.4334e-004    -1.1082e-004    -1.0522e-004     1.4124e-004    -5.3827e-005    -6.6203e-005     1.4494e-005
  1.475000e-002     6.8376e-005     5.2887e-004    -9.7181e-005    -1.0273e-004     1.3845e-004    -5.4021e-005    -6.5823e-005     1.4170e-005
  1.487500e-002     6.8607e-005     5.1362e-004    -8.3398e-005    -1.0008e-004     1.3546e-004    -5.4138e-005    -6.5350e-005     1.3825e-005
  1.500000e-002     6.8744e-005     4.9761e-004    -6.9493e-005    -9.7275e-005     1.3227e-004    -5.4180e-005    -6.4785e-005     1.3459e-005
  1.512500e-002     6.8787e-005     4.8086e-004    -5.5489e-005    -9.4329e-005     1.2888e-004    -5.4146e-005    -6.4127e-005     1.3074e-005
  1.525000e-002     6.8737e-005     4.6339e-004    -4.1406e-005    -9.1242e-005     1.2530e-004    -5.4036e-005    -6.3379e-005     1.2669e-005
  1.537500e-002     6.8592e-005     4.4524e-004    -2.7267e-005    -8.8018e-005     1.2153e-004    -5.3850e-005    -6.2540e-005     1.2245e-005
  1.550000e-002     6.8353e-005     4.2643e-004    -1.3092e-005    -8.4662e-005     1.1757e-004    -5.3588e-005    -6.1613e-005     1.1804e-005
  1.562500e-002     6.8021e-005     4.0699e-004     1.0956e-006    -8.1180e-005     1.1344e-004    -5.3251e-005    -6.0598e-005     1.1345e-005
  1.575000e-002     6.7595e-005     3.8694e-004     1.5275e-005    -7.7576e-005     1.0914e-004    -5.2840e-005    -5.9498e-005     1.0869e-005
  1.587500e-002     6.7076e-005     3.6633e-004     2.9425e-005    -7.3856e-005     1.0468e-004    -5.2354e-005    -5.8313e-005     1.0377e-005
  1.600000e-002     6.6465e-005     3.4517e-004     4.3522e-005    -7.0025e-005     1.0006e-004    -5.1795e-005    -5.7045e-005     9.8704e-006
  1.612500e-002     6.5763e-005     3.2351e-004     5.7547e-005    -6.6090e-005     9.5293e-005    -5.1163e-005    -5.5697e-005     9.3489e-006
  1.625000e-002     6.4971e-005     3.0137e-004     7.1476e-005    -6.2057e-005     9.0381e-005    -5.0459e-005    -5.4269e-005     8.8138e-006
  1.637500e-002     6.4089e-005     2.7878e-004     8.5289e-005    -5.7931e-005     8.5334e-005    -4.9685e-005    -5.2765e-005     8.2658e-006
  1.650000e-002     6.3119e-005     2.5580e-004     9.8965e-005    -5.3719e-005     8.0160e-005    -4.8840e-005    -5.1187e-005     7.7058e-006
  1.662500e-002     6.2062e-005     2.3244e-004     1.1248e-004    -4.9427e-005     7.4866e-005    -4.7928e-005    -4.9537e-005     7.1346e-006
  1.675000e-002     6.0921e-005     2.0874e-004     1.2582e-004    -4.5062e-005     6.9461e-005    -4.6948e-005    -4.7816e-005     6.5531e-006
  1.687500e-002     5.9695e-005     1.8474e-004     1.3896e-004    -4.0631e-005     6.3952e-005    -4.5903e-005    -4.6029e-005     5.9622e-006
  1.700000e-002     5.8388e-005     1.6048e-004     1.5188e-004    -3.6140e-005     5.8348e-005    -4.4794e-005    -4.4177e-005     5.3627e-006
  1.712500e-002     5.7002e-005     1.3599e-004     1.6456e-004    -3.1596e-005     5.2658e-005    -4.3623e-005    -4.2264e-005     4.7557e-006
  1.725000e-002     5.5537e-005     1.1132e-004     1.7698e-004    -2.7006e-005     4.6889e-005    -4.2391e-005    -4.0292e-005     4.1419e-006
  1.737500e-002     5.3997e-005     8.6485e-005     1.8912e-004    -2.2377e-005     4.1052e-005    -4.1100e-005    -3.8264e-005     3.5224e-006
  1.750000e-002     5.2383e-005     6.1542e-005     2.0096e-004    -1.7716e-005     3.5154e-005    -3.9752e-005    -3.6183e-005     2.8981e-006
  1.762500e-002     5.0699e-005     3.6522e-005     2.1249e-004    -1.3031e-005     2.9205e-005    -3.8350e-005    -3.4053e-005     2.2700e-006
  1.775000e-002     4.8946e-005     1.1464e-005     2.2369e-004    -8.3284e-006     2.3214e-005    -3.6895e-005    -3.1876e-005     1.6389e-006
  1.787500e-002     4.7127e-005    -1.3592e-005     2.3454e-004    -3.6153e-006     1.7190e-005    -3.5389e-005    -2.9656e-005     1.0060e-006
  1.800000e-002     4.5245e-005    -3.8610e-005     2.4502e-004     1.1009e-006     1.1142e-005    -3.3835e-005    -2.7396e-005     3.7208e-007
  1.812500e-002     4.3302e-005    -6.3551e-005     2.5512e-004     5.8130e-006     5.0799e-006    -3.2235e-005    -2.5099e-005    -2.6183e-007
  1.825000e-002     4.1302e-005    -8.8377e-005     2.6482e-004     1.0514e-005    -9.8800e-007    -3.0592e-005    -2.2770e-005    -8.9475e-007
  1.837500e-002     3.9247e-005    -1.1305e-004     2.7411e-004     1.5196e-005    -7.0520e-006    -2.8908e-005    -2.0411e-005    -1.5257e-006
  1.850000e-002     3.7141e-005    -1.3753e-004     2.8297e-004     1.9852e-005    -1.3103e-005    -2.7186e-005    -1.8027e-005    -2.1538e-006
  1.862500e-002     3.4987e-005    -1.6178e-004     2.9139e-004     2.4476e-005    -1.9131e-005    -2.5428e-005    -1.5620e-005    -2.7780e-006
  1.875000e-002     3.2787e-005    -1.8577e-004     2.9936e-004     2.9060e-005    -2.5128e-005    -2.3636e-005    -1.3194e-005    -3.3973e-006
  1.887500e-002     3.0546e-005    -2.0946e-004     3.0686e-004     3.3596e-005    -3.1084e-005    -2.1814e-005    -1.0754e-005    -4.0109e-006
  1.900000e-002     2.8266e-005    -2.3280e-004     3.1388e-004     3.8079e-005    -3.6991e-005    -1.9965e-005    -8.3019e-006    -4.6177e-006
  1.912500e-002     2.5951e-005    -2.5578e-004     3.2042e-004     4.2501e-005    -4.2838e-005    -1.8091e-005    -5.8425e-006    -5.2169e-006
  1.925000e-002     2.3605e-005    -2.7834e-004     3.2645e-004     4.6856e-005    -4.8618e-005    -1.6195e-005    -3.3793e-006    -5.8076e-006
  1.937500e-002     2.1231e-005    -3.0046e-004     3.3198e-004     5.1136e-005    -5.4321e-005    -1.4279e-005    -9.1602e-007    -6.3888e-006
  1.950000e-002     1.8832e-005    -3.2210e-004     3.3700e-004     5.5336e-005    -5.9938e-005    -1.2348e-005     1.5437e-006    -6.9596e-006
  1.962500e-002     1.6412e-005    -3.4323e-004     3.4149e-004     5.9448e-005    -6.5462e-005    -1.0403e-005     3.9960e-006    -7.5192e-006
  1.975000e-002     1.3975e-005    -3.6382e-004     3.4545e-004     6.3467e-005    -7.0883e-005    -8.4476e-006     6.4372e-006    -8.0667e-006
  1.987500e-002     1.1523e-005    -3.8373e-004     3.4879e-004     6.7368e-005    -7.6174e-005    -6.4843e-006     8.8606e-006    -8.5990e-006
  2.000000e-002     9.0673e-006    -4.0344e-004     3.5194e-004     7.1234e-005    -8.1426e-005    -4.5194e-006     1.1278e-005    -9.1268e-006
