i    Time
  0.000000e+000    -1.2267e-005    -1.3843e-004     3.4050e-004    -1.6331e-005     6.4313e-005     3.0728e-006     3.3739e-007    -3.2690e-006
  1.250000e-004    -1.4037e-005    -1.6115e-004     3.4058e-004    -8.4892e-006     5.3257e-005     3.9789e-006     2.8178e-006    -3.9653e-006
  2.500000e-004    -1.5743e-005    -1.8372e-004     3.4056e-004    -7.7901e-007     4.2356e-005     4.9122e-006     5.2576e-006    -4.6530e-006
  3.750000e-004    -1.7253e-005    -2.0568e-004     3.4019e-004     6.4825e-006     3.1982e-005     5.9353e-006     7.5646e-006    -5.3102e-006
  5.000000e-004    -1.8631e-005    -2.2706e-004     3.3950e-004     1.3376e-005     2.2045e-005     7.0268e-006     9.7706e-006    -5.9413e-006
  6.250000e-004    -1.9902e-005    -2.4778e-004     3.3844e-004     1.9915e-005     1.2530e-005     8.1791e-006     1.1885e-005    -6.5460e-006
  7.500000e-004    -2.1088e-005    -2.6778e-004     3.3701e-004     2.6111e-005     3.4272e-006     9.3853e-006     1.3915e-005    -7.1244e-006
  8.750000e-004    -2.2208e-005    -2.8702e-004     3.3518e-004     3.1975e-005    -5.2745e-006     1.0638e-005     1.5866e-005    -7.6761e-006
  1.000000e-003    -2.3275e-005    -3.0544e-004     3.3294e-004     3.7514e-005    -1.3584e-005     1.1932e-005     1.7744e-005    -8.2010e-006
  1.125000e-003    -2.4303e-005    -3.2301e-004     3.3027e-004     4.2739e-005    -2.1510e-005     1.3259e-005     1.9552e-005    -8.6990e-006
  1.250000e-003    -2.5300e-005    -3.3970e-004     3.2717e-004     4.7656e-005    -2.9059e-005     1.4614e-005     2.1292e-005    -9.1698e-006
  1.375000e-003    -2.6274e-005    -3.5545e-004     3.2362e-004     5.2273e-005    -3.6237e-005     1.5990e-005     2.2968e-005    -9.6133e-006
  1.500000e-003    -2.7230e-005    -3.7026e-004     3.1963e-004     5.6596e-005    -4.3052e-005     1.7382e-005     2.4580e-005    -1.0029e-005
  1.625000e-003    -2.8173e-005    -3.8409e-004     3.1518e-004     6.0630e-005    -4.9507e-005     1.8784e-005     2.6129e-005    -1.0418e-005
  1.750000e-003    -2.9105e-005    -3.9692e-004     3.1027e-004     6.4380e-005    -5.5608e-005     2.0191e-005     2.7615e-005    -1.0779e-005
  1.875000e-003    -3.0028e-005    -4.0873e-004     3.0491e-004     6.7852e-005    -6.1359e-005     2.1597e-005     2.9038e-005    -1.1111e-005
  2.000000e-003    -3.0943e-005    -4.1950e-004     2.9909e-004     7.1051e-005    -6.6765e-005     2.2997e-005     3.0399e-005    -1.1416e-005
  2.125000e-003    -3.1849e-005    -4.2922e-004     2.9282e-004     7.3979e-005    -7.1828e-005     2.4387e-005     3.1695e-005    -1.1693e-005
  2.250000e-003    -3.2745e-005    -4.3788e-004     2.8610e-004     7.6642e-005    -7.6554e-005     2.5761e-005     3.2927e-005    -1.1941e-005
  2.375000e-003    -3.3631e-005    -4.4547e-004     2.7895e-004     7.9044e-005    -8.0944e-005     2.7115e-005     3.4093e-005    -1.2162e-005
  2.500000e-003    -3.4503e-005    -4.5199e-004     2.7135e-004     8.1187e-005    -8.5004e-005     2.8445e-005     3.5192e-005    -1.2354e-005
  2.625000e-003    -3.5360e-005    -4.5742e-004     2.6333e-004     8.3077e-005    -8.8734e-005     2.9746e-005     3.6222e-005    -1.2518e-005
  2.750000e-003    -3.6200e-005    -4.6178e-004     2.5489e-004     8.4716e-005    -9.2140e-005     3.1015e-005     3.7184e-005    -1.2654e-005
  2.875000e-003    -3.7019e-005    -4.6505e-004     2.4604e-004     8.6108e-005    -9.5224e-005     3.2248e-005     3.8075e-005    -1.2761e-005
  3.000000e-003    -3.7814e-005    -4.6724e-004     2.3679e-004     8.7256e-005    -9.7989e-005     3.3440e-005     3.8894e-005    -1.2841e-005
  3.125000e-003    -3.8583e-005    -4.6836e-004     2.2716e-004     8.8165e-005    -1.0044e-004     3.4589e-005     3.9639e-005    -1.2893e-005
  3.250000e-003    -3.9323e-005    -4.6840e-004     2.1716e-004     8.8837e-005    -1.0258e-004     3.5691e-005     4.0311e-005    -1.2918e-005
  3.375000e-003    -4.0029e-005    -4.6739e-004     2.0680e-004     8.9277e-005    -1.0440e-004     3.6744e-005     4.0906e-005    -1.2914e-005
  3.500000e-003    -4.0700e-005    -4.6531e-004     1.9610e-004     8.9489e-005    -1.0593e-004     3.7743e-005     4.1426e-005    -1.2884e-005
  3.625000e-003    -4.1331e-005    -4.6220e-004     1.8507e-004     8.9475e-005    -1.0715e-004     3.8687e-005     4.1868e-005    -1.2827e-005
  3.750000e-003    -4.1921e-005    -4.5806e-004     1.7372e-004     8.9241e-005    -1.0807e-004     3.9572e-005     4.2231e-005    -1.2743e-005
  3.875000e-003    -4.2465e-005    -4.5290e-004     1.6209e-004     8.8790e-005    -1.0870e-004     4.0396e-005     4.2515e-005    -1.2632e-005
  4.000000e-003    -4.2961e-005    -4.4674e-004     1.5017e-004     8.8127e-005    -1.0905e-004     4.1158e-005     4.2720e-005    -1.2496e-005
  4.125000e-003    -4.3407e-005    -4.3960e-004     1.3800e-004     8.7255e-005    -1.0910e-004     4.1854e-005     4.2844e-005    -1.2334e-005
  4.250000e-003    -4.3799e-005    -4.3149e-004     1.2558e-004     8.6180e-005    -1.0888e-004     4.2483e-005     4.2888e-005    -1.2147e-005
  4.375000e-003    -4.4136e-005    -4.2244e-004     1.1294e-004     8.4906e-005    -1.0838e-004     4.3043e-005     4.2850e-005    -1.1935e-005
  4.500000e-003    -4.4414e-005    -4.1246e-004     1.0010e-004     8.3437e-005    -1.0761e-004     4.3532e-005     4.2732e-005    -1.1699e-005
  4.625000e-003    -4.4632e-005    -4.0158e-004     8.7070e-005     8.1779e-005    -1.0657e-004     4.3950e-005     4.2532e-005    -1.1439e-005
  4.750000e-003    -4.4788e-005    -3.8983e-004     7.3880e-005     7.9937e-005    -1.0527e-004     4.4294e-005     4.2252e-005    -1.1157e-005
  4.875000e-003    -4.4880e-005    -3.7723e-004     6.0547e-005     7.7916e-005    -1.0372e-004     4.4563e-005     4.1890e-005    -1.0851e-005
  5.000000e-003    -4.4905e-005    -3.6380e-004     4.7092e-005     7.5722e-005    -1.0192e-004     4.4757e-005     4.1449e-005    -1.0524e-005
  5.125000e-003    -4.4863e-005    -3.4957e-004     3.3534e-005     7.3359e-005    -9.9879e-005     4.4875e-005     4.0928e-005    -1.0176e-005
  5.250000e-003    -4.4753e-005    -3.3457e-004     1.9896e-005     7.0834e-005    -9.7600e-005     4.4916e-005     4.0328e-005    -9.8067e-006
  5.375000e-003    -4.4573e-005    -3.1883e-004     6.1986e-006     6.8153e-005    -9.5092e-005     4.4879e-005     3.9649e-005    -9.4178e-006
  5.500000e-003    -4.4322e-005    -3.0239e-004    -7.5370e-006     6.5321e-005    -9.2362e-005     4.4765e-005     3.8894e-005    -9.0097e-006
  5.625000e-003    -4.3999e-005    -2.8526e-004    -2.1289e-005     6.2345e-005    -8.9415e-005     4.4573e-005     3.8062e-005    -8.5832e-006
  5.750000e-003    -4.3605e-005    -2.6749e-004    -3.5036e-005     5.9231e-005    -8.6260e-005     4.4303e-005     3.7156e-005    -8.1390e-006
  5.875000e-003    -4.3137e-005    -2.4911e-004    -4.8757e-005     5.5986e-005    -8.2903e-005     4.3955e-005     3.6176e-005    -7.6781e-006
  6.000000e-003    -4.2597e-005    -2.3014e-004    -6.2431e-005     5.2615e-005    -7.9353e-005     4.3529e-005     3.5124e-005    -7.2011e-006
  6.125000e-003    -4.1984e-005    -2.1064e-004    -7.6034e-005     4.9126e-005    -7.5617e-005     4.3026e-005     3.4001e-005    -6.7089e-006
  6.250000e-003    -4.1299e-005    -1.9062e-004    -8.9548e-005     4.5525e-005    -7.1704e-005     4.2447e-005     3.2810e-005    -6.2025e-006
  6.375000e-003    -4.0540e-005    -1.7014e-004    -1.0295e-004     4.1819e-005    -6.7620e-005     4.1792e-005     3.1552e-005    -5.6826e-006
  6.500000e-003    -3.9710e-005    -1.4921e-004    -1.1622e-004     3.8016e-005    -6.3376e-005     4.1061e-005     3.0230e-005    -5.1502e-006
  6.625000e-003    -3.8808e-005    -1.2789e-004    -1.2933e-004     3.4122e-005    -5.8979e-005     4.0257e-005     2.8844e-005    -4.6062e-006
  6.750000e-003    -3.7835e-005    -1.0621e-004    -1.4227e-004     3.0145e-005    -5.4437e-005     3.9379e-005     2.7398e-005    -4.0515e-006
  6.875000e-003    -3.6793e-005    -8.4203e-005    -1.5502e-004     2.6091e-005    -4.9761e-005     3.8430e-005     2.5893e-005    -3.4871e-006
  7.000000e-003    -3.5681e-005    -6.1913e-005    -1.6755e-004     2.1969e-005    -4.4958e-005     3.7411e-005     2.4333e-005    -2.9140e-006
  7.125000e-003    -3.4502e-005    -3.9377e-005    -1.7985e-004     1.7784e-005    -4.0038e-005     3.6322e-005     2.2719e-005    -2.3330e-006
  7.250000e-003    -3.3257e-005    -1.6634e-005    -1.9189e-004     1.3546e-005    -3.5011e-005     3.5166e-005     2.1054e-005    -1.7452e-006
  7.375000e-003    -3.1947e-005     6.2766e-006    -2.0367e-004     9.2614e-006    -2.9884e-005     3.3945e-005     1.9341e-005    -1.1516e-006
  7.500000e-003    -3.0574e-005     2.9315e-005    -2.1515e-004     4.9375e-006    -2.4668e-005     3.2660e-005     1.7583e-005    -5.5318e-007
  7.625000e-003    -2.9140e-005     5.2443e-005    -2.2632e-004     5.8193e-007    -1.9373e-005     3.1313e-005     1.5781e-005     4.9114e-008
  7.750000e-003    -2.7646e-005     7.5620e-005    -2.3716e-004    -3.7977e-006    -1.4007e-005     2.9906e-005     1.3940e-005     6.5425e-007
  7.875000e-003    -2.6095e-005     9.8807e-005    -2.4766e-004    -8.1938e-006    -8.5807e-006     2.8442e-005     1.2062e-005     1.2612e-006
  8.000000e-003    -2.4489e-005     1.2196e-004    -2.5780e-004    -1.2599e-005    -3.1033e-006     2.6923e-005     1.0151e-005     1.8690e-006
  8.125000e-003    -2.2830e-005     1.4505e-004    -2.6756e-004    -1.7005e-005     2.4154e-006     2.5350e-005     8.2081e-006     2.4767e-006
  8.250000e-003    -2.1120e-005     1.6804e-004    -2.7694e-004    -2.1406e-005     7.9656e-006     2.3727e-005     6.2379e-006     3.0831e-006
  8.375000e-003    -1.9361e-005     1.9087e-004    -2.8590e-004    -2.5793e-005     1.3538e-005     2.2056e-005     4.2432e-006     3.6874e-006
  8.500000e-003    -1.7557e-005     2.1352e-004    -2.9445e-004    -3.0159e-005     1.9122e-005     2.0340e-005     2.2272e-006     4.2886e-006
  8.625000e-003    -1.5710e-005     2.3595e-004    -3.0256e-004    -3.4497e-005     2.4709e-005     1.8580e-005     1.9314e-007     4.8855e-006
  8.750000e-003    -1.3823e-005     2.5812e-004    -3.1022e-004    -3.8799e-005     3.0289e-005     1.6781e-005    -1.8557e-006     5.4774e-006
  8.875000e-003    -1.1898e-005     2.8000e-004    -3.1742e-004    -4.3058e-005     3.5852e-005     1.4945e-005    -3.9160e-006     6.0632e-006
  9.000000e-003    -9.9386e-006     3.0154e-004    -3.2415e-004    -4.7268e-005     4.1388e-005     1.3074e-005    -5.9845e-006     6.6419e-006
  9.125000e-003    -7.9474e-006     3.2271e-004    -3.3040e-004    -5.1421e-005     4.6889e-005     1.1172e-005    -8.0579e-006     7.2126e-006
  9.250000e-003    -5.9277e-006     3.4347e-004    -3.3616e-004    -5.5510e-005     5.2345e-005     9.2418e-006    -1.0133e-005     7.7743e-006
  9.375000e-003    -3.8823e-006     3.6380e-004    -3.4142e-004    -5.9528e-005     5.7747e-005     7.2860e-006    -1.2206e-005     8.3263e-006
  9.500000e-003    -1.8145e-006     3.8365e-004    -3.4617e-004    -6.3469e-005     6.3085e-005     5.3080e-006    -1.4274e-005     8.8674e-006
  9.625000e-003     2.7256e-007     4.0300e-004    -3.5040e-004    -6.7326e-005     6.8351e-005     3.3109e-006    -1.6333e-005     9.3970e-006
  9.750000e-003     2.3757e-006     4.2181e-004    -3.5411e-004    -7.1093e-005     7.3535e-005     1.2977e-006    -1.8380e-005     9.9141e-006
  9.875000e-003     4.4916e-006     4.4005e-004    -3.5729e-004    -7.4764e-005     7.8629e-005    -7.2830e-007    -2.0413e-005     1.0418e-005
  1.000000e-002     6.6171e-006     4.5769e-004    -3.5994e-004    -7.8332e-005     8.3624e-005    -2.7639e-006    -2.2427e-005     1.0907e-005
  1.012500e-002     8.7487e-006     4.7470e-004    -3.6204e-004    -8.1792e-005     8.8512e-005    -4.8060e-006    -2.4419e-005     1.1382e-005
  1.025000e-002     1.0883e-005     4.9106e-004    -3.6361e-004    -8.5137e-005     9.3285e-005    -6.8512e-006    -2.6386e-005     1.1841e-005
  1.037500e-002     1.3017e-005     5.0673e-004    -3.6462e-004    -8.8363e-005     9.7934e-005    -8.8964e-006    -2.8326e-005     1.2283e-005
  1.050000e-002     1.5148e-005     5.2169e-004    -3.6509e-004    -9.1464e-005     1.0245e-004    -1.0938e-005    -3.0234e-005     1.2709e-005
  1.062500e-002     1.7271e-005     5.3591e-004    -3.6502e-004    -9.4436e-005     1.0683e-004    -1.2974e-005    -3.2108e-005     1.3116e-005
  1.075000e-002     1.9384e-005     5.4937e-004    -3.6439e-004    -9.7272e-005     1.1106e-004    -1.5000e-005    -3.3944e-005     1.3505e-005
  1.087500e-002     2.1483e-005     5.6206e-004    -3.6321e-004    -9.9968e-005     1.1515e-004    -1.7012e-005    -3.5741e-005     1.3874e-005
  1.100000e-002     2.3564e-005     5.7394e-004    -3.6149e-004    -1.0252e-004     1.1907e-004    -1.9009e-005    -3.7494e-005     1.4224e-005
  1.112500e-002     2.5626e-005     5.8500e-004    -3.5923e-004    -1.0492e-004     1.2282e-004    -2.0987e-005    -3.9201e-005     1.4554e-005
  1.125000e-002     2.7664e-005     5.9521e-004    -3.5643e-004    -1.0718e-004     1.2640e-004    -2.2942e-005    -4.0859e-005     1.4862e-005
  1.137500e-002     2.9674e-005     6.0457e-004    -3.5309e-004    -1.0927e-004     1.2980e-004    -2.4871e-005    -4.2466e-005     1.5150e-005
  1.150000e-002     3.1655e-005     6.1305e-004    -3.4921e-004    -1.1121e-004     1.3302e-004    -2.6773e-005    -4.4019e-005     1.5415e-005
  1.162500e-002     3.3603e-005     6.2065e-004    -3.4481e-004    -1.1298e-004     1.3604e-004    -2.8642e-005    -4.5515e-005     1.5658e-005
  1.175000e-002     3.5514e-005     6.2734e-004    -3.3990e-004    -1.1459e-004     1.3888e-004    -3.0477e-005    -4.6952e-005     1.5878e-005
  1.187500e-002     3.7385e-005     6.3311e-004    -3.3447e-004    -1.1603e-004     1.4151e-004    -3.2275e-005    -4.8327e-005     1.6075e-005
  1.200000e-002     3.9215e-005     6.3797e-004    -3.2853e-004    -1.1730e-004     1.4394e-004    -3.4032e-005    -4.9639e-005     1.6249e-005
  1.212500e-002     4.0999e-005     6.4189e-004    -3.2211e-004    -1.1839e-004     1.4615e-004    -3.5746e-005    -5.0885e-005     1.6399e-005
  1.225000e-002     4.2734e-005     6.4487e-004    -3.1519e-004    -1.1931e-004     1.4816e-004    -3.7415e-005    -5.2063e-005     1.6525e-005
  1.237500e-002     4.4419e-005     6.4690e-004    -3.0781e-004    -1.2006e-004     1.4995e-004    -3.9035e-005    -5.3171e-005     1.6627e-005
  1.250000e-002     4.6050e-005     6.4798e-004    -2.9996e-004    -1.2062e-004     1.5152e-004    -4.0604e-005    -5.4207e-005     1.6705e-005
  1.262500e-002     4.7625e-005     6.4811e-004    -2.9165e-004    -1.2101e-004     1.5287e-004    -4.2119e-005    -5.5170e-005     1.6758e-005
  1.275000e-002     4.9141e-005     6.4728e-004    -2.8291e-004    -1.2121e-004     1.5400e-004    -4.3579e-005    -5.6059e-005     1.6786e-005
  1.287500e-002     5.0596e-005     6.4550e-004    -2.7374e-004    -1.2124e-004     1.5489e-004    -4.4980e-005    -5.6870e-005     1.6790e-005
  1.300000e-002     5.1987e-005     6.4277e-004    -2.6417e-004    -1.2109e-004     1.5556e-004    -4.6321e-005    -5.7604e-005     1.6769e-005
  1.312500e-002     5.3311e-005     6.3909e-004    -2.5419e-004    -1.2075e-004     1.5600e-004    -4.7599e-005    -5.8258e-005     1.6723e-005
  1.325000e-002     5.4568e-005     6.3446e-004    -2.4383e-004    -1.2024e-004     1.5622e-004    -4.8813e-005    -5.8832e-005     1.6652e-005
  1.337500e-002     5.5755e-005     6.2889e-004    -2.3311e-004    -1.1954e-004     1.5619e-004    -4.9960e-005    -5.9325e-005     1.6557e-005
  1.350000e-002     5.6869e-005     6.2240e-004    -2.2203e-004    -1.1867e-004     1.5594e-004    -5.1038e-005    -5.9736e-005     1.6438e-005
  1.362500e-002     5.7910e-005     6.1498e-004    -2.1063e-004    -1.1762e-004     1.5546e-004    -5.2046e-005    -6.0064e-005     1.6294e-005
  1.375000e-002     5.8874e-005     6.0665e-004    -1.9891e-004    -1.1639e-004     1.5474e-004    -5.2982e-005    -6.0308e-005     1.6126e-005
  1.387500e-002     5.9762e-005     5.9742e-004    -1.8689e-004    -1.1499e-004     1.5380e-004    -5.3845e-005    -6.0469e-005     1.5935e-005
  1.400000e-002     6.0570e-005     5.8730e-004    -1.7459e-004    -1.1342e-004     1.5263e-004    -5.4633e-005    -6.0545e-005     1.5720e-005
  1.412500e-002     6.1299e-005     5.7632e-004    -1.6203e-004    -1.1168e-004     1.5123e-004    -5.5345e-005    -6.0536e-005     1.5481e-005
  1.425000e-002     6.1946e-005     5.6447e-004    -1.4923e-004    -1.0977e-004     1.4960e-004    -5.5980e-005    -6.0443e-005     1.5220e-005
  1.437500e-002     6.2510e-005     5.5179e-004    -1.3621e-004    -1.0769e-004     1.4775e-004    -5.6537e-005    -6.0265e-005     1.4936e-005
  1.450000e-002     6.2991e-005     5.3830e-004    -1.2298e-004    -1.0546e-004     1.4569e-004    -5.7014e-005    -6.0002e-005     1.4630e-005
  1.462500e-002     6.3387e-005     5.2400e-004    -1.0958e-004    -1.0307e-004     1.4340e-004    -5.7412e-005    -5.9655e-005     1.4302e-005
  1.475000e-002     6.3698e-005     5.0892e-004    -9.6011e-005    -1.0052e-004     1.4090e-004    -5.7728e-005    -5.9225e-005     1.3954e-005
  1.487500e-002     6.3924e-005     4.9310e-004    -8.2305e-005    -9.7821e-005     1.3819e-004    -5.7964e-005    -5.8711e-005     1.3584e-005
  1.500000e-002     6.4063e-005     4.7654e-004    -6.8479e-005    -9.4976e-005     1.3527e-004    -5.8118e-005    -5.8115e-005     1.3195e-005
  1.512500e-002     6.4116e-005     4.5927e-004    -5.4556e-005    -9.1989e-005     1.3215e-004    -5.8190e-005    -5.7437e-005     1.2786e-005
  1.525000e-002     6.4082e-005     4.4132e-004    -4.0556e-005    -8.8864e-005     1.2883e-004    -5.8179e-005    -5.6678e-005     1.2358e-005
  1.537500e-002     6.3961e-005     4.2273e-004    -2.6501e-005    -8.5606e-005     1.2532e-004    -5.8087e-005    -5.5840e-005     1.1912e-005
  1.550000e-002     6.3753e-005     4.0350e-004    -1.2412e-005    -8.2220e-005     1.2163e-004    -5.7912e-005    -5.4923e-005     1.1449e-005
  1.562500e-002     6.3458e-005     3.8368e-004     1.6888e-006    -7.8711e-005     1.1775e-004    -5.7656e-005    -5.3929e-005     1.0968e-005
  1.575000e-002     6.3078e-005     3.6330e-004     1.5780e-005    -7.5085e-005     1.1369e-004    -5.7318e-005    -5.2859e-005     1.0472e-005
  1.587500e-002     6.2611e-005     3.4238e-004     2.9840e-005    -7.1346e-005     1.0947e-004    -5.6898e-005    -5.1715e-005     9.9599e-006
  1.600000e-002     6.2060e-005     3.2096e-004     4.3848e-005    -6.7501e-005     1.0508e-004    -5.6399e-005    -5.0499e-005     9.4334e-006
  1.612500e-002     6.1424e-005     2.9906e-004     5.7781e-005    -6.3555e-005     1.0053e-004    -5.5819e-005    -4.9211e-005     8.8932e-006
  1.625000e-002     6.0704e-005     2.7673e-004     7.1619e-005    -5.9515e-005     9.5833e-005    -5.5161e-005    -4.7855e-005     8.3400e-006
  1.637500e-002     5.9902e-005     2.5400e-004     8.5340e-005    -5.5386e-005     9.0993e-005    -5.4424e-005    -4.6432e-005     7.7747e-006
  1.650000e-002     5.9018e-005     2.3089e-004     9.8923e-005    -5.1175e-005     8.6018e-005    -5.3611e-005    -4.4945e-005     7.1981e-006
  1.662500e-002     5.8054e-005     2.0746e-004     1.1235e-004    -4.6888e-005     8.0914e-005    -5.2721e-005    -4.3395e-005     6.6111e-006
  1.675000e-002     5.7012e-005     1.8372e-004     1.2559e-004    -4.2532e-005     7.5689e-005    -5.1758e-005    -4.1784e-005     6.0146e-006
  1.687500e-002     5.5892e-005     1.5972e-004     1.3864e-004    -3.8114e-005     7.0352e-005    -5.0721e-005    -4.0116e-005     5.4096e-006
  1.700000e-002     5.4696e-005     1.3550e-004     1.5146e-004    -3.3640e-005     6.4910e-005    -4.9613e-005    -3.8392e-005     4.7969e-006
  1.712500e-002     5.3426e-005     1.1109e-004     1.6405e-004    -2.9116e-005     5.9372e-005    -4.8435e-005    -3.6616e-005     4.1775e-006
  1.725000e-002     5.2084e-005     8.6531e-005     1.7638e-004    -2.4551e-005     5.3746e-005    -4.7189e-005    -3.4790e-005     3.5522e-006
  1.737500e-002     5.0672e-005     6.1857e-005     1.8843e-004    -1.9951e-005     4.8040e-005    -4.5877e-005    -3.2916e-005     2.9222e-006
  1.750000e-002     4.9191e-005     3.7106e-005     2.0019e-004    -1.5322e-005     4.2264e-005    -4.4501e-005    -3.0998e-005     2.2883e-006
  1.762500e-002     4.7645e-005     1.2318e-005     2.1163e-004    -1.0673e-005     3.6426e-005    -4.3062e-005    -2.9038e-005     1.6515e-006
  1.775000e-002     4.6035e-005    -1.2471e-005     2.2274e-004    -6.0100e-006     3.0535e-005    -4.1564e-005    -2.7039e-005     1.0128e-006
  1.787500e-002     4.4363e-005    -3.7222e-005     2.3350e-004    -1.3402e-006     2.4600e-005    -4.0008e-005    -2.5005e-005     3.7315e-007
  1.800000e-002     4.2633e-005    -6.1897e-005     2.4389e-004     3.3291e-006     1.8630e-005    -3.8396e-005    -2.2938e-005    -2.6647e-007
  1.812500e-002     4.0847e-005    -8.6460e-005     2.5391e-004     7.9909e-006     1.2635e-005    -3.6732e-005    -2.0841e-005    -9.0509e-007
  1.825000e-002     3.9007e-005    -1.1087e-004     2.6353e-004     1.2638e-005     6.6220e-006    -3.5017e-005    -1.8718e-005    -1.5417e-006
  1.837500e-002     3.7116e-005    -1.3509e-004     2.7274e-004     1.7263e-005     6.0184e-007    -3.3255e-005    -1.6572e-005    -2.1754e-006
  1.850000e-002     3.5177e-005    -1.5909e-004     2.8152e-004     2.1859e-005    -5.4167e-006    -3.1447e-005    -1.4406e-005    -2.8051e-006
  1.862500e-002     3.3193e-005    -1.8283e-004     2.8986e-004     2.6419e-005    -1.1424e-005    -2.9597e-005    -1.2223e-005    -3.4300e-006
  1.875000e-002     3.1166e-005    -2.0627e-004     2.9775e-004     3.0937e-005    -1.7412e-005    -2.7707e-005    -1.0027e-005    -4.0490e-006
  1.887500e-002     2.9100e-005    -2.2937e-004     3.0518e-004     3.5404e-005    -2.3371e-005    -2.5781e-005    -7.8204e-006    -4.6612e-006
  1.900000e-002     2.6999e-005    -2.5211e-004     3.1214e-004     3.9815e-005    -2.9291e-005    -2.3821e-005    -5.6074e-006    -5.2657e-006
  1.912500e-002     2.4864e-005    -2.7444e-004     3.1861e-004     4.4162e-005    -3.5165e-005    -2.1830e-005    -3.3910e-006    -5.8615e-006
  1.925000e-002     2.2699e-005    -2.9633e-004     3.2458e-004     4.8439e-005    -4.0982e-005    -1.9811e-005    -1.1745e-006    -6.4478e-006
  1.937500e-002     2.0508e-005    -3.1775e-004     3.3005e-004     5.2639e-005    -4.6733e-005    -1.7767e-005     1.0387e-006    -7.0235e-006
  1.950000e-002     1.8294e-005    -3.3866e-004     3.3500e-004     5.6756e-005    -5.2411e-005    -1.5702e-005     3.2452e-006    -7.5880e-006
  1.962500e-002     1.6060e-005    -3.5904e-004     3.3944e-004     6.0784e-005    -5.8007e-005    -1.3619e-005     5.4418e-006    -8.1402e-006
  1.975000e-002     1.3809e-005    -3.7885e-004     3.4335e-004     6.4715e-005    -6.3511e-005    -1.1520e-005     7.6250e-006    -8.6794e-006
  1.987500e-002     1.1543e-005    -3.9796e-004     3.4663e-004     6.8528e-005    -6.8898e-005    -9.4074e-006     9.7883e-006    -9.2022e-006
  2.000000e-002     9.2741e-006    -4.1686e-004     3.4974e-004     7.2305e-005    -7.4249e-005    -7.2917e-006     1.1945e-005    -9.7203e-006
