i    Time
  0.000000e+000    -1.7083e-005    -1.1982e-004     3.3705e-004    -1.7681e-005     5.9206e-005     1.0952e-005    -4.6003e-006    -3.5958e-006
  1.250000e-004    -1.7989e-005    -1.4345e-004     3.3769e-004    -9.8175e-006     4.7852e-005     1.1334e-005    -2.3328e-006    -4.2712e-006
  2.500000e-004    -1.8852e-005    -1.6693e-004     3.3822e-004    -2.0836e-006     3.6670e-005     1.1749e-005    -9.5137e-008    -4.9385e-006
  3.750000e-004    -1.9590e-005    -1.8981e-004     3.3835e-004     5.2074e-006     2.6075e-005     1.2272e-005     2.0459e-006    -5.5769e-006
  5.000000e-004    -2.0253e-005    -2.1209e-004     3.3811e-004     1.2135e-005     1.5962e-005     1.2878e-005     4.1150e-006    -6.1904e-006
  6.250000e-004    -2.0863e-005    -2.3372e-004     3.3747e-004     1.8712e-005     6.3130e-006     1.3560e-005     6.1199e-006    -6.7788e-006
  7.500000e-004    -2.1439e-005    -2.5462e-004     3.3642e-004     2.4949e-005    -2.8852e-006     1.4310e-005     8.0665e-006    -7.3418e-006
  8.750000e-004    -2.1996e-005    -2.7475e-004     3.3494e-004     3.0856e-005    -1.1646e-005     1.5121e-005     9.9594e-006    -7.8792e-006
  1.000000e-003    -2.2546e-005    -2.9405e-004     3.3302e-004     3.6442e-005    -1.9981e-005     1.5987e-005     1.1802e-005    -8.3907e-006
  1.125000e-003    -2.3099e-005    -3.1249e-004     3.3064e-004     4.1716e-005    -2.7902e-005     1.6899e-005     1.3597e-005    -8.8761e-006
  1.250000e-003    -2.3661e-005    -3.3003e-004     3.2780e-004     4.6684e-005    -3.5416e-005     1.7853e-005     1.5346e-005    -9.3352e-006
  1.375000e-003    -2.4238e-005    -3.4663e-004     3.2449e-004     5.1353e-005    -4.2534e-005     1.8841e-005     1.7050e-005    -9.7677e-006
  1.500000e-003    -2.4833e-005    -3.6226e-004     3.2071e-004     5.5729e-005    -4.9262e-005     1.9857e-005     1.8708e-005    -1.0173e-005
  1.625000e-003    -2.5449e-005    -3.7689e-004     3.1645e-004     5.9817e-005    -5.5609e-005     2.0896e-005     2.0322e-005    -1.0552e-005
  1.750000e-003    -2.6086e-005    -3.9051e-004     3.1172e-004     6.3623e-005    -6.1579e-005     2.1951e-005     2.1889e-005    -1.0903e-005
  1.875000e-003    -2.6744e-005    -4.0310e-004     3.0651e-004     6.7152e-005    -6.7179e-005     2.3018e-005     2.3410e-005    -1.1228e-005
  2.000000e-003    -2.7423e-005    -4.1463e-004     3.0082e-004     7.0406e-005    -7.2415e-005     2.4091e-005     2.4883e-005    -1.1524e-005
  2.125000e-003    -2.8120e-005    -4.2509e-004     2.9467e-004     7.3392e-005    -7.7292e-005     2.5165e-005     2.6306e-005    -1.1793e-005
  2.250000e-003    -2.8834e-005    -4.3448e-004     2.8806e-004     7.6112e-005    -8.1814e-005     2.6234e-005     2.7678e-005    -1.2034e-005
  2.375000e-003    -2.9561e-005    -4.4277e-004     2.8099e-004     7.8570e-005    -8.5986e-005     2.7295e-005     2.8996e-005    -1.2248e-005
  2.500000e-003    -3.0299e-005    -4.4998e-004     2.7347e-004     8.0771e-005    -8.9813e-005     2.8342e-005     3.0260e-005    -1.2433e-005
  2.625000e-003    -3.1044e-005    -4.5608e-004     2.6551e-004     8.2716e-005    -9.3298e-005     2.9372e-005     3.1467e-005    -1.2591e-005
  2.750000e-003    -3.1792e-005    -4.6109e-004     2.5711e-004     8.4411e-005    -9.6447e-005     3.0380e-005     3.2615e-005    -1.2721e-005
  2.875000e-003    -3.2540e-005    -4.6499e-004     2.4830e-004     8.5858e-005    -9.9262e-005     3.1363e-005     3.3703e-005    -1.2823e-005
  3.000000e-003    -3.3284e-005    -4.6780e-004     2.3908e-004     8.7062e-005    -1.0175e-004     3.2315e-005     3.4727e-005    -1.2897e-005
  3.125000e-003    -3.4020e-005    -4.6951e-004     2.2947e-004     8.8024e-005    -1.0391e-004     3.3235e-005     3.5687e-005    -1.2944e-005
  3.250000e-003    -3.4743e-005    -4.7013e-004     2.1947e-004     8.8750e-005    -1.0575e-004     3.4118e-005     3.6581e-005    -1.2963e-005
  3.375000e-003    -3.5451e-005    -4.6967e-004     2.0910e-004     8.9242e-005    -1.0728e-004     3.4961e-005     3.7406e-005    -1.2955e-005
  3.500000e-003    -3.6138e-005    -4.6814e-004     1.9839e-004     8.9505e-005    -1.0849e-004     3.5761e-005     3.8162e-005    -1.2920e-005
  3.625000e-003    -3.6801e-005    -4.6555e-004     1.8734e-004     8.9542e-005    -1.0940e-004     3.6516e-005     3.8846e-005    -1.2858e-005
  3.750000e-003    -3.7436e-005    -4.6191e-004     1.7596e-004     8.9356e-005    -1.1000e-004     3.7222e-005     3.9458e-005    -1.2770e-005
  3.875000e-003    -3.8040e-005    -4.5723e-004     1.6429e-004     8.8954e-005    -1.1031e-004     3.7877e-005     3.9996e-005    -1.2655e-005
  4.000000e-003    -3.8609e-005    -4.5154e-004     1.5233e-004     8.8337e-005    -1.1032e-004     3.8479e-005     4.0458e-005    -1.2515e-005
  4.125000e-003    -3.9140e-005    -4.4484e-004     1.4010e-004     8.7511e-005    -1.1005e-004     3.9025e-005     4.0844e-005    -1.2349e-005
  4.250000e-003    -3.9629e-005    -4.3716e-004     1.2763e-004     8.6480e-005    -1.0949e-004     3.9514e-005     4.1153e-005    -1.2158e-005
  4.375000e-003    -4.0073e-005    -4.2852e-004     1.1493e-004     8.5248e-005    -1.0865e-004     3.9943e-005     4.1384e-005    -1.1943e-005
  4.500000e-003    -4.0470e-005    -4.1893e-004     1.0201e-004     8.3821e-005    -1.0755e-004     4.0311e-005     4.1536e-005    -1.1703e-005
  4.625000e-003    -4.0816e-005    -4.0843e-004     8.8914e-005     8.2204e-005    -1.0617e-004     4.0616e-005     4.1609e-005    -1.1440e-005
  4.750000e-003    -4.1110e-005    -3.9703e-004     7.5645e-005     8.0401e-005    -1.0454e-004     4.0857e-005     4.1602e-005    -1.1154e-005
  4.875000e-003    -4.1348e-005    -3.8475e-004     6.2228e-005     7.8417e-005    -1.0266e-004     4.1033e-005     4.1516e-005    -1.0846e-005
  5.000000e-003    -4.1529e-005    -3.7164e-004     4.8684e-005     7.6258e-005    -1.0053e-004     4.1143e-005     4.1350e-005    -1.0515e-005
  5.125000e-003    -4.1650e-005    -3.5770e-004     3.5035e-005     7.3930e-005    -9.8153e-005     4.1185e-005     4.1104e-005    -1.0164e-005
  5.250000e-003    -4.1710e-005    -3.4298e-004     2.1301e-005     7.1438e-005    -9.5549e-005     4.1160e-005     4.0779e-005    -9.7914e-006
  5.375000e-003    -4.1707e-005    -3.2749e-004     7.5047e-006     6.8787e-005    -9.2718e-005     4.1066e-005     4.0374e-005    -9.3995e-006
  5.500000e-003    -4.1639e-005    -3.1128e-004    -6.3330e-006     6.5985e-005    -8.9668e-005     4.0903e-005     3.9891e-005    -8.9885e-006
  5.625000e-003    -4.1506e-005    -2.9437e-004    -2.0190e-005     6.3037e-005    -8.6408e-005     4.0671e-005     3.9330e-005    -8.5591e-006
  5.750000e-003    -4.1306e-005    -2.7679e-004    -3.4045e-005     5.9950e-005    -8.2944e-005     4.0370e-005     3.8692e-005    -8.1122e-006
  5.875000e-003    -4.1039e-005    -2.5859e-004    -4.7876e-005     5.6729e-005    -7.9285e-005     3.9999e-005     3.7978e-005    -7.6485e-006
  6.000000e-003    -4.0703e-005    -2.3978e-004    -6.1661e-005     5.3381e-005    -7.5438e-005     3.9559e-005     3.7188e-005    -7.1688e-006
  6.125000e-003    -4.0298e-005    -2.2041e-004    -7.5379e-005     4.9913e-005    -7.1413e-005     3.9050e-005     3.6324e-005    -6.6741e-006
  6.250000e-003    -3.9824e-005    -2.0052e-004    -8.9007e-005     4.6332e-005    -6.7217e-005     3.8473e-005     3.5388e-005    -6.1651e-006
  6.375000e-003    -3.9280e-005    -1.8013e-004    -1.0253e-004     4.2645e-005    -6.2860e-005     3.7828e-005     3.4380e-005    -5.6427e-006
  6.500000e-003    -3.8667e-005    -1.5929e-004    -1.1591e-004     3.8858e-005    -5.8349e-005     3.7116e-005     3.3303e-005    -5.1079e-006
  6.625000e-003    -3.7985e-005    -1.3803e-004    -1.2915e-004     3.4979e-005    -5.3695e-005     3.6337e-005     3.2157e-005    -4.5615e-006
  6.750000e-003    -3.7234e-005    -1.1639e-004    -1.4220e-004     3.1015e-005    -4.8905e-005     3.5493e-005     3.0946e-005    -4.0046e-006
  6.875000e-003    -3.6414e-005    -9.4404e-005    -1.5507e-004     2.6973e-005    -4.3990e-005     3.4585e-005     2.9670e-005    -3.4379e-006
  7.000000e-003    -3.5527e-005    -7.2118e-005    -1.6772e-004     2.2860e-005    -3.8959e-005     3.3614e-005     2.8332e-005    -2.8626e-006
  7.125000e-003    -3.4572e-005    -4.9569e-005    -1.8014e-004     1.8685e-005    -3.3821e-005     3.2582e-005     2.6934e-005    -2.2795e-006
  7.250000e-003    -3.3552e-005    -2.6795e-005    -1.9230e-004     1.4453e-005    -2.8585e-005     3.1488e-005     2.5479e-005    -1.6897e-006
  7.375000e-003    -3.2466e-005    -3.8353e-006    -2.0419e-004     1.0173e-005    -2.3262e-005     3.0337e-005     2.3967e-005    -1.0941e-006
  7.500000e-003    -3.1317e-005     1.9271e-005    -2.1579e-004     5.8525e-006    -1.7860e-005     2.9128e-005     2.2403e-005    -4.9367e-007
  7.625000e-003    -3.0105e-005     4.2483e-005    -2.2708e-004     1.4988e-006    -1.2391e-005     2.7864e-005     2.0788e-005     1.1048e-007
  7.750000e-003    -2.8833e-005     6.5762e-005    -2.3804e-004    -2.8807e-006    -6.8631e-006     2.6546e-005     1.9125e-005     7.1742e-007
  7.875000e-003    -2.7501e-005     8.9067e-005    -2.4865e-004    -7.2782e-006    -1.2867e-006     2.5177e-005     1.7417e-005     1.3261e-006
  8.000000e-003    -2.6112e-005     1.1236e-004    -2.5890e-004    -1.1686e-005     4.3283e-006     2.3758e-005     1.5667e-005     1.9356e-006
  8.125000e-003    -2.4667e-005     1.3560e-004    -2.6877e-004    -1.6097e-005     9.9721e-006     2.2292e-005     1.3877e-005     2.5448e-006
  8.250000e-003    -2.3168e-005     1.5875e-004    -2.7825e-004    -2.0504e-005     1.5635e-005     2.0781e-005     1.2050e-005     3.1528e-006
  8.375000e-003    -2.1618e-005     1.8177e-004    -2.8733e-004    -2.4899e-005     2.1306e-005     1.9228e-005     1.0189e-005     3.7585e-006
  8.500000e-003    -2.0019e-005     2.0462e-004    -2.9597e-004    -2.9274e-005     2.6977e-005     1.7633e-005     8.2976e-006     4.3610e-006
  8.625000e-003    -1.8373e-005     2.2726e-004    -3.0418e-004    -3.3622e-005     3.2637e-005     1.6001e-005     6.3784e-006     4.9593e-006
  8.750000e-003    -1.6682e-005     2.4966e-004    -3.1194e-004    -3.7936e-005     3.8277e-005     1.4334e-005     4.4346e-006     5.5524e-006
  8.875000e-003    -1.4949e-005     2.7178e-004    -3.1924e-004    -4.2209e-005     4.3886e-005     1.2633e-005     2.4692e-006     6.1392e-006
  9.000000e-003    -1.3177e-005     2.9357e-004    -3.2607e-004    -4.6433e-005     4.9456e-005     1.0902e-005     4.8559e-007     6.7190e-006
  9.125000e-003    -1.1368e-005     3.1501e-004    -3.3241e-004    -5.0602e-005     5.4977e-005     9.1440e-006    -1.5131e-006     7.2907e-006
  9.250000e-003    -9.5245e-006     3.3606e-004    -3.3825e-004    -5.4709e-005     6.0439e-005     7.3608e-006    -3.5237e-006     7.8533e-006
  9.375000e-003    -7.6498e-006     3.5668e-004    -3.4359e-004    -5.8745e-005     6.5833e-005     5.5555e-006    -5.5429e-006     8.4061e-006
  9.500000e-003    -5.7466e-006     3.7683e-004    -3.4842e-004    -6.2706e-005     7.1150e-005     3.7310e-006    -7.5674e-006     8.9480e-006
  9.625000e-003    -3.8179e-006     3.9650e-004    -3.5273e-004    -6.6585e-005     7.6381e-005     1.8901e-006    -9.5939e-006     9.4782e-006
  9.750000e-003    -1.8665e-006     4.1563e-004    -3.5651e-004    -7.0374e-005     8.1518e-005     3.5695e-008    -1.1619e-005     9.9958e-006
  9.875000e-003     1.0436e-007     4.3421e-004    -3.5976e-004    -7.4068e-005     8.6551e-005    -1.8294e-006    -1.3640e-005     1.0500e-005
  1.000000e-002     2.0918e-006     4.5220e-004    -3.6246e-004    -7.7661e-005     9.1472e-005    -3.7021e-006    -1.5653e-005     1.0990e-005
  1.012500e-002     4.0927e-006     4.6956e-004    -3.6463e-004    -8.1146e-005     9.6273e-005    -5.5796e-006    -1.7655e-005     1.1465e-005
  1.025000e-002     6.1038e-006     4.8628e-004    -3.6625e-004    -8.4518e-005     1.0095e-004    -7.4589e-006    -1.9643e-005     1.1924e-005
  1.037500e-002     8.1221e-006     5.0232e-004    -3.6731e-004    -8.7772e-005     1.0548e-004    -9.3371e-006    -2.1613e-005     1.2367e-005
  1.050000e-002     1.0144e-005     5.1766e-004    -3.6783e-004    -9.0901e-005     1.0987e-004    -1.1211e-005    -2.3563e-005     1.2792e-005
  1.062500e-002     1.2168e-005     5.3227e-004    -3.6779e-004    -9.3901e-005     1.1412e-004    -1.3078e-005    -2.5488e-005     1.3199e-005
  1.075000e-002     1.4188e-005     5.4612e-004    -3.6720e-004    -9.6768e-005     1.1820e-004    -1.4935e-005    -2.7387e-005     1.3588e-005
  1.087500e-002     1.6204e-005     5.5920e-004    -3.6606e-004    -9.9495e-005     1.2212e-004    -1.6779e-005    -2.9256e-005     1.3957e-005
  1.100000e-002     1.8210e-005     5.7148e-004    -3.6437e-004    -1.0208e-004     1.2586e-004    -1.8608e-005    -3.1091e-005     1.4307e-005
  1.112500e-002     2.0204e-005     5.8294e-004    -3.6212e-004    -1.0451e-004     1.2943e-004    -2.0417e-005    -3.2891e-005     1.4636e-005
  1.125000e-002     2.2184e-005     5.9357e-004    -3.5934e-004    -1.0680e-004     1.3282e-004    -2.2205e-005    -3.4651e-005     1.4944e-005
  1.137500e-002     2.4145e-005     6.0333e-004    -3.5601e-004    -1.0893e-004     1.3601e-004    -2.3969e-005    -3.6370e-005     1.5231e-005
  1.150000e-002     2.6085e-005     6.1223e-004    -3.5214e-004    -1.1090e-004     1.3901e-004    -2.5705e-005    -3.8044e-005     1.5495e-005
  1.162500e-002     2.8000e-005     6.2023e-004    -3.4775e-004    -1.1271e-004     1.4181e-004    -2.7412e-005    -3.9670e-005     1.5737e-005
  1.175000e-002     2.9888e-005     6.2734e-004    -3.4283e-004    -1.1435e-004     1.4441e-004    -2.9086e-005    -4.1247e-005     1.5957e-005
  1.187500e-002     3.1745e-005     6.3353e-004    -3.3739e-004    -1.1582e-004     1.4679e-004    -3.0725e-005    -4.2771e-005     1.6153e-005
  1.200000e-002     3.3569e-005     6.3880e-004    -3.3145e-004    -1.1713e-004     1.4896e-004    -3.2325e-005    -4.4240e-005     1.6326e-005
  1.212500e-002     3.5356e-005     6.4313e-004    -3.2500e-004    -1.1826e-004     1.5092e-004    -3.3886e-005    -4.5651e-005     1.6475e-005
  1.225000e-002     3.7104e-005     6.4652e-004    -3.1807e-004    -1.1921e-004     1.5265e-004    -3.5403e-005    -4.7003e-005     1.6600e-005
  1.237500e-002     3.8810e-005     6.4896e-004    -3.1066e-004    -1.1999e-004     1.5416e-004    -3.6875e-005    -4.8292e-005     1.6700e-005
  1.250000e-002     4.0471e-005     6.5044e-004    -3.0278e-004    -1.2059e-004     1.5545e-004    -3.8300e-005    -4.9518e-005     1.6776e-005
  1.262500e-002     4.2084e-005     6.5097e-004    -2.9444e-004    -1.2101e-004     1.5650e-004    -3.9674e-005    -5.0677e-005     1.6828e-005
  1.275000e-002     4.3647e-005     6.5054e-004    -2.8566e-004    -1.2126e-004     1.5733e-004    -4.0996e-005    -5.1768e-005     1.6855e-005
  1.287500e-002     4.5158e-005     6.4915e-004    -2.7645e-004    -1.2132e-004     1.5792e-004    -4.2265e-005    -5.2790e-005     1.6857e-005
  1.300000e-002     4.6613e-005     6.4681e-004    -2.6682e-004    -1.2120e-004     1.5828e-004    -4.3477e-005    -5.3739e-005     1.6834e-005
  1.312500e-002     4.8011e-005     6.4350e-004    -2.5679e-004    -1.2090e-004     1.5841e-004    -4.4630e-005    -5.4616e-005     1.6787e-005
  1.325000e-002     4.9349e-005     6.3925e-004    -2.4637e-004    -1.2042e-004     1.5830e-004    -4.5724e-005    -5.5417e-005     1.6715e-005
  1.337500e-002     5.0625e-005     6.3404e-004    -2.3559e-004    -1.1976e-004     1.5795e-004    -4.6756e-005    -5.6143e-005     1.6618e-005
  1.350000e-002     5.1836e-005     6.2790e-004    -2.2445e-004    -1.1892e-004     1.5737e-004    -4.7724e-005    -5.6792e-005     1.6497e-005
  1.362500e-002     5.2982e-005     6.2083e-004    -2.1297e-004    -1.1790e-004     1.5656e-004    -4.8628e-005    -5.7362e-005     1.6351e-005
  1.375000e-002     5.4059e-005     6.1284e-004    -2.0118e-004    -1.1671e-004     1.5551e-004    -4.9465e-005    -5.7852e-005     1.6181e-005
  1.387500e-002     5.5067e-005     6.0394e-004    -1.8908e-004    -1.1534e-004     1.5423e-004    -5.0234e-005    -5.8263e-005     1.5987e-005
  1.400000e-002     5.6004e-005     5.9414e-004    -1.7670e-004    -1.1380e-004     1.5273e-004    -5.0933e-005    -5.8592e-005     1.5770e-005
  1.412500e-002     5.6867e-005     5.8347e-004    -1.6406e-004    -1.1209e-004     1.5099e-004    -5.1563e-005    -5.8840e-005     1.5529e-005
  1.425000e-002     5.7656e-005     5.7192e-004    -1.5117e-004    -1.1021e-004     1.4903e-004    -5.2122e-005    -5.9005e-005     1.5266e-005
  1.437500e-002     5.8368e-005     5.5953e-004    -1.3806e-004    -1.0817e-004     1.4684e-004    -5.2608e-005    -5.9088e-005     1.4980e-005
  1.450000e-002     5.9004e-005     5.4630e-004    -1.2474e-004    -1.0596e-004     1.4444e-004    -5.3021e-005    -5.9089e-005     1.4672e-005
  1.462500e-002     5.9562e-005     5.3227e-004    -1.1123e-004    -1.0360e-004     1.4182e-004    -5.3360e-005    -5.9006e-005     1.4342e-005
  1.475000e-002     6.0040e-005     5.1744e-004    -9.7568e-005    -1.0108e-004     1.3899e-004    -5.3625e-005    -5.8841e-005     1.3991e-005
  1.487500e-002     6.0438e-005     5.0185e-004    -8.3760e-005    -9.8409e-005     1.3595e-004    -5.3816e-005    -5.8593e-005     1.3619e-005
  1.500000e-002     6.0756e-005     4.8551e-004    -6.9829e-005    -9.5589e-005     1.3270e-004    -5.3931e-005    -5.8262e-005     1.3227e-005
  1.512500e-002     6.0992e-005     4.6845e-004    -5.5798e-005    -9.2627e-005     1.2926e-004    -5.3970e-005    -5.7850e-005     1.2816e-005
  1.525000e-002     6.1146e-005     4.5070e-004    -4.1688e-005    -8.9526e-005     1.2562e-004    -5.3934e-005    -5.7356e-005     1.2386e-005
  1.537500e-002     6.1218e-005     4.3228e-004    -2.7522e-005    -8.6291e-005     1.2180e-004    -5.3823e-005    -5.6781e-005     1.1937e-005
  1.550000e-002     6.1207e-005     4.1322e-004    -1.3319e-005    -8.2926e-005     1.1779e-004    -5.3636e-005    -5.6126e-005     1.1471e-005
  1.562500e-002     6.1114e-005     3.9355e-004     8.9681e-007    -7.9438e-005     1.1361e-004    -5.3374e-005    -5.5392e-005     1.0988e-005
  1.575000e-002     6.0938e-005     3.7330e-004     1.5105e-005    -7.5830e-005     1.0925e-004    -5.3037e-005    -5.4580e-005     1.0489e-005
  1.587500e-002     6.0679e-005     3.5250e-004     2.9283e-005    -7.2110e-005     1.0474e-004    -5.2626e-005    -5.3692e-005     9.9750e-006
  1.600000e-002     6.0339e-005     3.3118e-004     4.3409e-005    -6.8281e-005     1.0006e-004    -5.2141e-005    -5.2727e-005     9.4461e-006
  1.612500e-002     5.9917e-005     3.0937e-004     5.7462e-005    -6.4351e-005     9.5239e-005    -5.1583e-005    -5.1688e-005     8.9034e-006
  1.625000e-002     5.9413e-005     2.8711e-004     7.1420e-005    -6.0325e-005     9.0272e-005    -5.0952e-005    -5.0577e-005     8.3477e-006
  1.637500e-002     5.8829e-005     2.6443e-004     8.5262e-005    -5.6209e-005     8.5170e-005    -5.0250e-005    -4.9394e-005     7.7799e-006
  1.650000e-002     5.8165e-005     2.4137e-004     9.8967e-005    -5.2010e-005     7.9941e-005    -4.9478e-005    -4.8142e-005     7.2009e-006
  1.662500e-002     5.7422e-005     2.1795e-004     1.1251e-004    -4.7733e-005     7.4593e-005    -4.8636e-005    -4.6823e-005     6.6116e-006
  1.675000e-002     5.6602e-005     1.9422e-004     1.2588e-004    -4.3386e-005     6.9133e-005    -4.7727e-005    -4.5438e-005     6.0127e-006
  1.687500e-002     5.5704e-005     1.7022e-004     1.3905e-004    -3.8976e-005     6.3571e-005    -4.6750e-005    -4.3989e-005     5.4053e-006
  1.700000e-002     5.4731e-005     1.4597e-004     1.5199e-004    -3.4508e-005     5.7914e-005    -4.5709e-005    -4.2479e-005     4.7903e-006
  1.712500e-002     5.3684e-005     1.2151e-004     1.6470e-004    -2.9989e-005     5.2171e-005    -4.4604e-005    -4.0910e-005     4.1686e-006
  1.725000e-002     5.2565e-005     9.6894e-005     1.7715e-004    -2.5428e-005     4.6351e-005    -4.3437e-005    -3.9284e-005     3.5411e-006
  1.737500e-002     5.1375e-005     7.2145e-005     1.8932e-004    -2.0829e-005     4.0463e-005    -4.2209e-005    -3.7603e-005     2.9089e-006
  1.750000e-002     5.0115e-005     4.7303e-005     2.0119e-004    -1.6202e-005     3.4515e-005    -4.0923e-005    -3.5871e-005     2.2728e-006
  1.762500e-002     4.8788e-005     2.2408e-005     2.1275e-004    -1.1552e-005     2.8517e-005    -3.9581e-005    -3.4089e-005     1.6339e-006
  1.775000e-002     4.7395e-005    -2.5027e-006     2.2397e-004    -6.8868e-006     2.2478e-005    -3.8184e-005    -3.2261e-005     9.9309e-007
  1.787500e-002     4.5939e-005    -2.7391e-005     2.3484e-004    -2.2136e-006     1.6407e-005    -3.6735e-005    -3.0389e-005     3.5141e-007
  1.800000e-002     4.4422e-005    -5.2220e-005     2.4535e-004     2.4605e-006     1.0313e-005    -3.5235e-005    -2.8476e-005    -2.9019e-007
  1.812500e-002     4.2846e-005    -7.6950e-005     2.5547e-004     7.1284e-006     4.2058e-006    -3.3688e-005    -2.6525e-005    -9.3072e-007
  1.825000e-002     4.1213e-005    -1.0154e-004     2.6520e-004     1.1783e-005    -1.9053e-006    -3.2095e-005    -2.4539e-005    -1.5692e-006
  1.837500e-002     3.9526e-005    -1.2596e-004     2.7451e-004     1.6417e-005    -8.0112e-006    -3.0459e-005    -2.2520e-005    -2.2047e-006
  1.850000e-002     3.7787e-005    -1.5017e-004     2.8339e-004     2.1023e-005    -1.4102e-005    -2.8782e-005    -2.0472e-005    -2.8361e-006
  1.862500e-002     3.5999e-005    -1.7413e-004     2.9184e-004     2.5595e-005    -2.0170e-005    -2.7067e-005    -1.8398e-005    -3.4626e-006
  1.875000e-002     3.4164e-005    -1.9781e-004     2.9983e-004     3.0125e-005    -2.6204e-005    -2.5317e-005    -1.6301e-005    -4.0832e-006
  1.887500e-002     3.2285e-005    -2.2117e-004     3.0735e-004     3.4606e-005    -3.2196e-005    -2.3533e-005    -1.4184e-005    -4.6970e-006
  1.900000e-002     3.0365e-005    -2.4417e-004     3.1439e-004     3.9032e-005    -3.8136e-005    -2.1719e-005    -1.2050e-005    -5.3029e-006
  1.912500e-002     2.8407e-005    -2.6677e-004     3.2095e-004     4.3396e-005    -4.4016e-005    -1.9878e-005    -9.9032e-006    -5.9001e-006
  1.925000e-002     2.6414e-005    -2.8895e-004     3.2700e-004     4.7691e-005    -4.9826e-005    -1.8012e-005    -7.7460e-006    -6.4876e-006
  1.937500e-002     2.4389e-005    -3.1067e-004     3.3255e-004     5.1910e-005    -5.5557e-005    -1.6125e-005    -5.5819e-006    -7.0646e-006
  1.950000e-002     2.2334e-005    -3.3190e-004     3.3758e-004     5.6047e-005    -6.1202e-005    -1.4218e-005    -3.4142e-006    -7.6302e-006
  1.962500e-002     2.0253e-005    -3.5260e-004     3.4209e-004     6.0096e-005    -6.6750e-005    -1.2295e-005    -1.2461e-006    -8.1834e-006
  1.975000e-002     1.8149e-005    -3.7274e-004     3.4606e-004     6.4050e-005    -7.2194e-005    -1.0359e-005     9.1905e-007    -8.7236e-006
  1.987500e-002     1.6022e-005    -3.9219e-004     3.4941e-004     6.7886e-005    -7.7505e-005    -8.4119e-006     3.0765e-006    -9.2473e-006
  2.000000e-002     1.3890e-005    -4.1144e-004     3.5258e-004     7.1686e-005    -8.2777e-005    -6.4619e-006     5.2310e-006    -9.7662e-006
