i    Time
0.000000e+000      -2.4894e-005      -9.2908e-005      -4.2530e-005       8.6660e-005       1.3142e-005       1.5092e-005       2.4132e-007      -2.3810e-006
1.250000e-004      -3.1121e-005      -1.1834e-004       3.1355e-006       7.7602e-005       8.1083e-006       1.1532e-005      -3.2445e-006      -6.9065e-006
2.500000e-004      -3.7308e-005      -1.4251e-004       4.7983e-005       6.8673e-005       3.1997e-006       7.9910e-006      -6.6962e-006      -1.1387e-005
3.750000e-004      -4.3352e-005      -1.6253e-004       9.0054e-005       6.0180e-005      -1.2829e-006       4.5169e-006      -1.0033e-005      -1.5714e-005
5.000000e-004      -4.9268e-005      -1.7940e-004       1.2987e-004       5.2036e-005      -5.4217e-006       1.1041e-006      -1.3278e-005      -1.9914e-005
6.250000e-004      -5.5053e-005      -1.9343e-004       1.6754e-004       4.4225e-005      -9.2334e-006      -2.2436e-006      -1.6436e-005      -2.3991e-005
7.500000e-004      -6.0699e-005      -2.0489e-004       2.0314e-004       3.6729e-005      -1.2734e-005      -5.5224e-006      -1.9509e-005      -2.7946e-005
8.750000e-004      -6.6202e-005      -2.1401e-004       2.3674e-004       2.9537e-005      -1.5937e-005      -8.7285e-006      -2.2499e-005      -3.1781e-005
1.000000e-003      -7.1555e-005      -2.2102e-004       2.6841e-004       2.2635e-005      -1.8857e-005      -1.1858e-005      -2.5408e-005      -3.5496e-005
1.125000e-003      -7.6752e-005      -2.2611e-004       2.9822e-004       1.6015e-005      -2.1507e-005      -1.4907e-005      -2.8237e-005      -3.9091e-005
1.250000e-003      -8.1785e-005      -2.2945e-004       3.2620e-004       9.6681e-006      -2.3898e-005      -1.7871e-005      -3.0984e-005      -4.2565e-005
1.375000e-003      -8.6648e-005      -2.3120e-004       3.5242e-004       3.5866e-006      -2.6041e-005      -2.0748e-005      -3.3649e-005      -4.5918e-005
1.500000e-003      -9.1334e-005      -2.3149e-004       3.7690e-004      -2.2355e-006      -2.7947e-005      -2.3532e-005      -3.6231e-005      -4.9146e-005
1.625000e-003      -9.5835e-005      -2.3045e-004       3.9968e-004      -7.8033e-006      -2.9625e-005      -2.6221e-005      -3.8729e-005      -5.2250e-005
1.750000e-003      -1.0015e-004      -2.2821e-004       4.2080e-004      -1.3121e-005      -3.1085e-005      -2.8811e-005      -4.1140e-005      -5.5226e-005
1.875000e-003      -1.0426e-004      -2.2484e-004       4.4028e-004      -1.8193e-005      -3.2335e-005      -3.1299e-005      -4.3463e-005      -5.8074e-005
2.000000e-003      -1.0817e-004      -2.2046e-004       4.5816e-004      -2.3023e-005      -3.3384e-005      -3.3682e-005      -4.5696e-005      -6.0789e-005
2.125000e-003      -1.1187e-004      -2.1514e-004       4.7445e-004      -2.7612e-005      -3.4241e-005      -3.5956e-005      -4.7837e-005      -6.3371e-005
2.250000e-003      -1.1536e-004      -2.0896e-004       4.8919e-004      -3.1964e-005      -3.4911e-005      -3.8120e-005      -4.9883e-005      -6.5817e-005
2.375000e-003      -1.1862e-004      -2.0200e-004       5.0238e-004      -3.6080e-005      -3.5404e-005      -4.0169e-005      -5.1831e-005      -6.8125e-005
2.500000e-003      -1.2166e-004      -1.9431e-004       5.1406e-004      -3.9963e-005      -3.5725e-005      -4.2103e-005      -5.3681e-005      -7.0292e-005
2.625000e-003      -1.2447e-004      -1.8596e-004       5.2423e-004      -4.3614e-005      -3.5882e-005      -4.3918e-005      -5.5428e-005      -7.2317e-005
2.750000e-003      -1.2704e-004      -1.7700e-004       5.3294e-004      -4.7033e-005      -3.5882e-005      -4.5613e-005      -5.7072e-005      -7.4197e-005
2.875000e-003      -1.2938e-004      -1.6749e-004       5.4018e-004      -5.0224e-005      -3.5729e-005      -4.7186e-005      -5.8610e-005      -7.5931e-005
3.000000e-003      -1.3147e-004      -1.5746e-004       5.4598e-004      -5.3187e-005      -3.5432e-005      -4.8634e-005      -6.0040e-005      -7.7516e-005
3.125000e-003      -1.3331e-004      -1.4698e-004       5.5036e-004      -5.5922e-005      -3.4995e-005      -4.9958e-005      -6.1359e-005      -7.8951e-005
3.250000e-003      -1.3491e-004      -1.3608e-004       5.5335e-004      -5.8433e-005      -3.4425e-005      -5.1155e-005      -6.2567e-005      -8.0234e-005
3.375000e-003      -1.3625e-004      -1.2480e-004       5.5495e-004      -6.0719e-005      -3.3728e-005      -5.2225e-005      -6.3661e-005      -8.1365e-005
3.500000e-003      -1.3734e-004      -1.1318e-004       5.5519e-004      -6.2783e-005      -3.2908e-005      -5.3166e-005      -6.4640e-005      -8.2342e-005
3.625000e-003      -1.3817e-004      -1.0126e-004       5.5410e-004      -6.4625e-005      -3.1973e-005      -5.3978e-005      -6.5502e-005      -8.3163e-005
3.750000e-003      -1.3874e-004      -8.9068e-005       5.5169e-004      -6.6248e-005      -3.0926e-005      -5.4661e-005      -6.6246e-005      -8.3830e-005
3.875000e-003      -1.3906e-004      -7.6643e-005       5.4799e-004      -6.7653e-005      -2.9774e-005      -5.5214e-005      -6.6871e-005      -8.4340e-005
4.000000e-003      -1.3912e-004      -6.4016e-005       5.4302e-004      -6.8842e-005      -2.8521e-005      -5.5638e-005      -6.7377e-005      -8.4694e-005
4.125000e-003      -1.3893e-004      -5.1219e-005       5.3681e-004      -6.9817e-005      -2.7174e-005      -5.5933e-005      -6.7762e-005      -8.4891e-005
4.250000e-003      -1.3847e-004      -3.8282e-005       5.2938e-004      -7.0580e-005      -2.5737e-005      -5.6098e-005      -6.8026e-005      -8.4932e-005
4.375000e-003      -1.3776e-004      -2.5235e-005       5.2076e-004      -7.1133e-005      -2.4216e-005      -5.6136e-005      -6.8168e-005      -8.4816e-005
4.500000e-003      -1.3679e-004      -1.2105e-005       5.1098e-004      -7.1479e-005      -2.2615e-005      -5.6046e-005      -6.8189e-005      -8.4546e-005
4.625000e-003      -1.3557e-004       1.0791e-006       5.0006e-004      -7.1621e-005      -2.0940e-005      -5.5829e-005      -6.8088e-005      -8.4120e-005
4.750000e-003      -1.3410e-004       1.4290e-005       4.8804e-004      -7.1561e-005      -1.9195e-005      -5.5487e-005      -6.7866e-005      -8.3541e-005
4.875000e-003      -1.3238e-004       2.7502e-005       4.7494e-004      -7.1302e-005      -1.7386e-005      -5.5021e-005      -6.7522e-005      -8.2810e-005
5.000000e-003      -1.3041e-004       4.0689e-005       4.6080e-004      -7.0848e-005      -1.5518e-005      -5.4432e-005      -6.7058e-005      -8.1927e-005
5.125000e-003      -1.2820e-004       5.3826e-005       4.4566e-004      -7.0203e-005      -1.3595e-005      -5.3723e-005      -6.6474e-005      -8.0895e-005
5.250000e-003      -1.2575e-004       6.6887e-005       4.2954e-004      -6.9369e-005      -1.1623e-005      -5.2895e-005      -6.5771e-005      -7.9716e-005
5.375000e-003      -1.2307e-004       7.9850e-005       4.1248e-004      -6.8351e-005      -9.6057e-006      -5.1950e-005      -6.4951e-005      -7.8392e-005
5.500000e-003      -1.2015e-004       9.2691e-005       3.9452e-004      -6.7152e-005      -7.5487e-006      -5.0891e-005      -6.4014e-005      -7.6925e-005
5.625000e-003      -1.1701e-004       1.0539e-004       3.7569e-004      -6.5777e-005      -5.4566e-006      -4.9720e-005      -6.2963e-005      -7.5317e-005
5.750000e-003      -1.1365e-004       1.1791e-004       3.5603e-004      -6.4230e-005      -3.3341e-006      -4.8440e-005      -6.1798e-005      -7.3572e-005
5.875000e-003      -1.1008e-004       1.3025e-004       3.3559e-004      -6.2517e-005      -1.1859e-006      -4.7052e-005      -6.0522e-005      -7.1693e-005
6.000000e-003      -1.0630e-004       1.4238e-004       3.1439e-004      -6.0641e-005       9.8339e-007      -4.5562e-005      -5.9137e-005      -6.9682e-005
6.125000e-003      -1.0231e-004       1.5427e-004       2.9249e-004      -5.8607e-005       3.1691e-006      -4.3970e-005      -5.7645e-005      -6.7543e-005
6.250000e-003      -9.8129e-005       1.6591e-004       2.6991e-004      -5.6422e-005       5.3667e-006      -4.2281e-005      -5.6048e-005      -6.5279e-005
6.375000e-003      -9.3758e-005       1.7729e-004       2.4672e-004      -5.4089e-005       7.5716e-006      -4.0497e-005      -5.4349e-005      -6.2895e-005
6.500000e-003      -8.9205e-005       1.8837e-004       2.2293e-004      -5.1615e-005       9.7795e-006      -3.8623e-005      -5.2550e-005      -6.0394e-005
6.625000e-003      -8.4478e-005       1.9914e-004       1.9861e-004      -4.9005e-005       1.1986e-005      -3.6662e-005      -5.0655e-005      -5.7781e-005
6.750000e-003      -7.9583e-005       2.0958e-004       1.7379e-004      -4.6265e-005       1.4186e-005      -3.4617e-005      -4.8666e-005      -5.5059e-005
6.875000e-003      -7.4530e-005       2.1968e-004       1.4853e-004      -4.3401e-005       1.6377e-005      -3.2493e-005      -4.6587e-005      -5.2233e-005
7.000000e-003      -6.9326e-005       2.2942e-004       1.2285e-004      -4.0419e-005       1.8553e-005      -3.0292e-005      -4.4421e-005      -4.9308e-005
7.125000e-003      -6.3980e-005       2.3878e-004       9.6810e-005      -3.7325e-005       2.0710e-005      -2.8021e-005      -4.2171e-005      -4.6288e-005
7.250000e-003      -5.8500e-005       2.4775e-004       7.0456e-005      -3.4126e-005       2.2845e-005      -2.5682e-005      -3.9841e-005      -4.3179e-005
7.375000e-003      -5.2895e-005       2.5632e-004       4.3831e-005      -3.0828e-005       2.4953e-005      -2.3279e-005      -3.7434e-005      -3.9984e-005
7.500000e-003      -4.7174e-005       2.6446e-004       1.6982e-005      -2.7438e-005       2.7031e-005      -2.0818e-005      -3.4955e-005      -3.6711e-005
7.625000e-003      -4.1347e-005       2.7217e-004      -1.0045e-005      -2.3961e-005       2.9074e-005      -1.8302e-005      -3.2408e-005      -3.3363e-005
7.750000e-003      -3.5422e-005       2.7944e-004      -3.7203e-005      -2.0406e-005       3.1079e-005      -1.5736e-005      -2.9795e-005      -2.9946e-005
7.875000e-003      -2.9410e-005       2.8624e-004      -6.4448e-005      -1.6779e-005       3.3043e-005      -1.3124e-005      -2.7122e-005      -2.6466e-005
8.000000e-003      -2.3320e-005       2.9258e-004      -9.1731e-005      -1.3086e-005       3.4961e-005      -1.0471e-005      -2.4393e-005      -2.2928e-005
8.125000e-003      -1.7161e-005       2.9844e-004      -1.1901e-004      -9.3350e-006       3.6830e-005      -7.7822e-006      -2.1611e-005      -1.9337e-005
8.250000e-003      -1.0944e-005       3.0381e-004      -1.4623e-004      -5.5328e-006       3.8647e-005      -5.0614e-006      -1.8782e-005      -1.5701e-005
8.375000e-003      -4.6792e-006       3.0868e-004      -1.7335e-004      -1.6863e-006       4.0409e-005      -2.3138e-006      -1.5910e-005      -1.2023e-005
8.500000e-003       1.6243e-006       3.1305e-004      -2.0033e-004       2.1972e-006       4.2112e-005       4.5614e-007      -1.2999e-005      -8.3109e-006
8.625000e-003       7.9562e-006       3.1691e-004      -2.2712e-004       6.1108e-006       4.3754e-005       3.2435e-006      -1.0055e-005      -4.5698e-006
8.750000e-003       1.4306e-005       3.2025e-004      -2.5367e-004       1.0047e-005       4.5331e-005       6.0435e-006      -7.0803e-006      -8.0571e-007
8.875000e-003       2.0664e-005       3.2307e-004      -2.7995e-004       1.3999e-005       4.6841e-005       8.8514e-006      -4.0812e-006       2.9754e-006
9.000000e-003       2.7020e-005       3.2536e-004      -3.0590e-004       1.7960e-005       4.8281e-005       1.1662e-005      -1.0622e-006       6.7674e-006
9.125000e-003       3.3364e-005       3.2711e-004      -3.3149e-004       2.1922e-005       4.9648e-005       1.4472e-005       1.9721e-006       1.0564e-005
9.250000e-003       3.9685e-005       3.2834e-004      -3.5667e-004       2.5878e-005       5.0941e-005       1.7275e-005       5.0169e-006       1.4360e-005
9.375000e-003       4.5973e-005       3.2903e-004      -3.8139e-004       2.9822e-005       5.2156e-005       2.0066e-005       8.0673e-006       1.8149e-005
9.500000e-003       5.2219e-005       3.2918e-004      -4.0563e-004       3.3746e-005       5.3292e-005       2.2842e-005       1.1119e-005       2.1925e-005
9.625000e-003       5.8413e-005       3.2879e-004      -4.2934e-004       3.7643e-005       5.4347e-005       2.5597e-005       1.4166e-005       2.5682e-005
9.750000e-003       6.4544e-005       3.2787e-004      -4.5247e-004       4.1507e-005       5.5318e-005       2.8327e-005       1.7205e-005       2.9413e-005
9.875000e-003       7.0603e-005       3.2641e-004      -4.7500e-004       4.5330e-005       5.6205e-005       3.1027e-005       2.0230e-005       3.3114e-005
1.000000e-002       7.6580e-005       3.2442e-004      -4.9688e-004       4.9106e-005       5.7005e-005       3.3692e-005       2.3237e-005       3.6778e-005
1.012500e-002       8.2466e-005       3.2189e-004      -5.1808e-004       5.2829e-005       5.7717e-005       3.6319e-005       2.6221e-005       4.0400e-005
1.025000e-002       8.8251e-005       3.1884e-004      -5.3856e-004       5.6491e-005       5.8340e-005       3.8902e-005       2.9177e-005       4.3973e-005
1.037500e-002       9.3926e-005       3.1527e-004      -5.5829e-004       6.0086e-005       5.8872e-005       4.1438e-005       3.2101e-005       4.7492e-005
1.050000e-002       9.9482e-005       3.1119e-004      -5.7724e-004       6.3609e-005       5.9313e-005       4.3922e-005       3.4988e-005       5.0952e-005
1.062500e-002       1.0491e-004       3.0659e-004      -5.9537e-004       6.7052e-005       5.9662e-005       4.6350e-005       3.7834e-005       5.4347e-005
1.075000e-002       1.1020e-004       3.0150e-004      -6.1266e-004       7.0411e-005       5.9918e-005       4.8718e-005       4.0634e-005       5.7671e-005
1.087500e-002       1.1535e-004       2.9590e-004      -6.2908e-004       7.3678e-005       6.0080e-005       5.1022e-005       4.3383e-005       6.0920e-005
1.100000e-002       1.2034e-004       2.8983e-004      -6.4459e-004       7.6849e-005       6.0149e-005       5.3258e-005       4.6078e-005       6.4088e-005
1.112500e-002       1.2517e-004       2.8327e-004      -6.5918e-004       7.9917e-005       6.0123e-005       5.5422e-005       4.8713e-005       6.7171e-005
1.125000e-002       1.2984e-004       2.7625e-004      -6.7282e-004       8.2878e-005       6.0003e-005       5.7512e-005       5.1286e-005       7.0162e-005
1.137500e-002       1.3433e-004       2.6878e-004      -6.8549e-004       8.5727e-005       5.9790e-005       5.9522e-005       5.3791e-005       7.3059e-005
1.150000e-002       1.3863e-004       2.6086e-004      -6.9716e-004       8.8457e-005       5.9482e-005       6.1450e-005       5.6226e-005       7.5856e-005
1.162500e-002       1.4274e-004       2.5251e-004      -7.0781e-004       9.1065e-005       5.9081e-005       6.3293e-005       5.8585e-005       7.8548e-005
1.175000e-002       1.4666e-004       2.4374e-004      -7.1744e-004       9.3546e-005       5.8586e-005       6.5048e-005       6.0866e-005       8.1132e-005
1.187500e-002       1.5037e-004       2.3456e-004      -7.2602e-004       9.5896e-005       5.8000e-005       6.6711e-005       6.3065e-005       8.3603e-005
1.200000e-002       1.5387e-004       2.2500e-004      -7.3353e-004       9.8110e-005       5.7322e-005       6.8280e-005       6.5178e-005       8.5957e-005
1.212500e-002       1.5716e-004       2.1506e-004      -7.3997e-004       1.0018e-004       5.6553e-005       6.9752e-005       6.7201e-005       8.8191e-005
1.225000e-002       1.6023e-004       2.0476e-004      -7.4532e-004       1.0212e-004       5.5695e-005       7.1124e-005       6.9133e-005       9.0301e-005
1.237500e-002       1.6308e-004       1.9412e-004      -7.4958e-004       1.0390e-004       5.4749e-005       7.2395e-005       7.0969e-005       9.2284e-005
1.250000e-002       1.6569e-004       1.8315e-004      -7.5273e-004       1.0553e-004       5.3716e-005       7.3562e-005       7.2707e-005       9.4137e-005
1.262500e-002       1.6807e-004       1.7187e-004      -7.5477e-004       1.0702e-004       5.2598e-005       7.4624e-005       7.4344e-005       9.5856e-005
1.275000e-002       1.7021e-004       1.6030e-004      -7.5569e-004       1.0834e-004       5.1396e-005       7.5577e-005       7.5878e-005       9.7439e-005
1.287500e-002       1.7211e-004       1.4845e-004      -7.5550e-004       1.0951e-004       5.0112e-005       7.6421e-005       7.7305e-005       9.8883e-005
1.300000e-002       1.7376e-004       1.3634e-004      -7.5418e-004       1.1052e-004       4.8749e-005       7.7155e-005       7.8624e-005       1.0019e-004
1.312500e-002       1.7517e-004       1.2400e-004      -7.5175e-004       1.1136e-004       4.7308e-005       7.7776e-005       7.9833e-005       1.0135e-004
1.325000e-002       1.7633e-004       1.1144e-004      -7.4821e-004       1.1205e-004       4.5791e-005       7.8284e-005       8.0929e-005       1.0236e-004
1.337500e-002       1.7724e-004       9.8685e-005      -7.4355e-004       1.1256e-004       4.4200e-005       7.8677e-005       8.1911e-005       1.0323e-004
1.350000e-002       1.7789e-004       8.5748e-005      -7.3779e-004       1.1291e-004       4.2539e-005       7.8956e-005       8.2778e-005       1.0395e-004
1.362500e-002       1.7829e-004       7.2652e-005      -7.3094e-004       1.1309e-004       4.0809e-005       7.9119e-005       8.3527e-005       1.0452e-004
1.375000e-002       1.7843e-004       5.9418e-005      -7.2299e-004       1.1311e-004       3.9014e-005       7.9165e-005       8.4158e-005       1.0494e-004
1.387500e-002       1.7832e-004       4.6066e-005      -7.1398e-004       1.1295e-004       3.7155e-005       7.9096e-005       8.4670e-005       1.0521e-004
1.400000e-002       1.7795e-004       3.2617e-005      -7.0390e-004       1.1263e-004       3.5236e-005       7.8910e-005       8.5061e-005       1.0533e-004
1.412500e-002       1.7732e-004       1.9093e-005      -6.9277e-004       1.1214e-004       3.3260e-005       7.8608e-005       8.5331e-005       1.0530e-004
1.425000e-002       1.7644e-004       5.5126e-006      -6.8061e-004       1.1148e-004       3.1230e-005       7.8190e-005       8.5480e-005       1.0512e-004
1.437500e-002       1.7531e-004      -8.1011e-006      -6.6743e-004       1.1065e-004       2.9148e-005       7.7657e-005       8.5507e-005       1.0478e-004
1.450000e-002       1.7392e-004      -2.1728e-005      -6.5327e-004       1.0966e-004       2.7019e-005       7.7009e-005       8.5413e-005       1.0429e-004
1.462500e-002       1.7229e-004      -3.5345e-005      -6.3813e-004       1.0850e-004       2.4845e-005       7.6247e-005       8.5196e-005       1.0365e-004
1.475000e-002       1.7041e-004      -4.8934e-005      -6.2203e-004       1.0718e-004       2.2629e-005       7.5373e-005       8.4858e-005       1.0287e-004
1.487500e-002       1.6828e-004      -6.2471e-005      -6.0502e-004       1.0570e-004       2.0376e-005       7.4387e-005       8.4399e-005       1.0193e-004
1.500000e-002       1.6591e-004      -7.5937e-005      -5.8710e-004       1.0406e-004       1.8087e-005       7.3291e-005       8.3820e-005       1.0085e-004
1.512500e-002       1.6330e-004      -8.9309e-005      -5.6831e-004       1.0226e-004       1.5768e-005       7.2086e-005       8.3121e-005       9.9622e-005
1.525000e-002       1.6046e-004      -1.0257e-004      -5.4867e-004       1.0030e-004       1.3422e-005       7.0775e-005       8.2303e-005       9.8250e-005
1.537500e-002       1.5739e-004      -1.1569e-004      -5.2822e-004       9.8196e-005       1.1051e-005       6.9358e-005       8.1368e-005       9.6737e-005
1.550000e-002       1.5409e-004      -1.2866e-004      -5.0698e-004       9.5940e-005       8.6606e-006       6.7839e-005       8.0317e-005       9.5085e-005
1.562500e-002       1.5057e-004      -1.4146e-004      -4.8499e-004       9.3538e-005       6.2534e-006       6.6220e-005       7.9152e-005       9.3296e-005
1.575000e-002       1.4683e-004      -1.5406e-004      -4.6228e-004       9.0994e-005       3.8334e-006       6.4502e-005       7.7874e-005       9.1372e-005
1.587500e-002       1.4289e-004      -1.6644e-004      -4.3889e-004       8.8310e-005       1.4043e-006       6.2688e-005       7.6485e-005       8.9318e-005
1.600000e-002       1.3874e-004      -1.7859e-004      -4.1484e-004       8.5493e-005      -1.0302e-006       6.0782e-005       7.4988e-005       8.7135e-005
1.612500e-002       1.3439e-004      -1.9049e-004      -3.9018e-004       8.2544e-005      -3.4663e-006       5.8785e-005       7.3383e-005       8.4828e-005
1.625000e-002       1.2986e-004      -2.0212e-004      -3.6495e-004       7.9469e-005      -5.9003e-006       5.6702e-005       7.1675e-005       8.2399e-005
1.637500e-002       1.2513e-004      -2.1346e-004      -3.3918e-004       7.6273e-005      -8.3284e-006       5.4534e-005       6.9866e-005       7.9853e-005
1.650000e-002       1.2023e-004      -2.2449e-004      -3.1291e-004       7.2960e-005      -1.0747e-005       5.2286e-005       6.7957e-005       7.7193e-005
1.662500e-002       1.1517e-004      -2.3520e-004      -2.8619e-004       6.9534e-005      -1.3152e-005       4.9961e-005       6.5953e-005       7.4423e-005
1.675000e-002       1.0993e-004      -2.4556e-004      -2.5905e-004       6.6002e-005      -1.5540e-005       4.7561e-005       6.3856e-005       7.1547e-005
1.687500e-002       1.0455e-004      -2.5557e-004      -2.3153e-004       6.2368e-005      -1.7908e-005       4.5092e-005       6.1669e-005       6.8571e-005
1.700000e-002       9.9016e-005      -2.6521e-004      -2.0368e-004       5.8637e-005      -2.0251e-005       4.2556e-005       5.9395e-005       6.5498e-005
1.712500e-002       9.3347e-005      -2.7446e-004      -1.7553e-004       5.4816e-005      -2.2566e-005       3.9958e-005       5.7039e-005       6.2332e-005
1.725000e-002       8.7548e-005      -2.8330e-004      -1.4714e-004       5.0910e-005      -2.4849e-005       3.7301e-005       5.4604e-005       5.9080e-005
1.737500e-002       8.1629e-005      -2.9173e-004      -1.1854e-004       4.6926e-005      -2.7097e-005       3.4589e-005       5.2092e-005       5.5746e-005
1.750000e-002       7.5599e-005      -2.9973e-004      -8.9787e-005       4.2868e-005      -2.9307e-005       3.1827e-005       4.9509e-005       5.2334e-005
1.762500e-002       6.9466e-005      -3.0729e-004      -6.0913e-005       3.8743e-005      -3.1475e-005       2.9018e-005       4.6858e-005       4.8850e-005
1.775000e-002       6.3241e-005      -3.1439e-004      -3.1965e-005       3.4557e-005      -3.3597e-005       2.6168e-005       4.4143e-005       4.5300e-005
1.787500e-002       5.6932e-005      -3.2103e-004      -2.9885e-006       3.0318e-005      -3.5671e-005       2.3279e-005       4.1369e-005       4.1689e-005
1.800000e-002       5.0550e-005      -3.2720e-004       2.5973e-005       2.6030e-005      -3.7694e-005       2.0358e-005       3.8539e-005       3.8022e-005
1.812500e-002       4.4104e-005      -3.3288e-004       5.4874e-005       2.1700e-005      -3.9661e-005       1.7407e-005       3.5657e-005       3.4305e-005
1.825000e-002       3.7603e-005      -3.3807e-004       8.3671e-005       1.7336e-005      -4.1570e-005       1.4433e-005       3.2729e-005       3.0544e-005
1.837500e-002       3.1058e-005      -3.4275e-004       1.1232e-004       1.2943e-005      -4.3419e-005       1.1438e-005       2.9758e-005       2.6744e-005
1.850000e-002       2.4479e-005      -3.4692e-004       1.4078e-004       8.5292e-006      -4.5203e-005       8.4281e-006       2.6750e-005       2.2911e-005
1.862500e-002       1.7875e-005      -3.5058e-004       1.6900e-004       4.1000e-006      -4.6921e-005       5.4075e-006       2.3708e-005       1.9051e-005
1.875000e-002       1.1257e-005      -3.5372e-004       1.9694e-004      -3.3744e-007      -4.8570e-005       2.3809e-006       2.0637e-005       1.5170e-005
1.887500e-002       4.6353e-006      -3.5633e-004       2.2456e-004      -4.7764e-006      -5.0148e-005      -6.4722e-007       1.7543e-005       1.1274e-005
1.900000e-002      -1.9808e-006      -3.5841e-004       2.5182e-004      -9.2102e-006      -5.1651e-005      -3.6721e-006       1.4429e-005       7.3689e-006
1.912500e-002      -8.5810e-006      -3.5995e-004       2.7867e-004      -1.3632e-005      -5.3078e-005      -6.6892e-006       1.1301e-005       3.4604e-006
1.925000e-002      -1.5155e-005      -3.6096e-004       3.0508e-004      -1.8035e-005      -5.4426e-005      -9.6940e-006       8.1634e-006      -4.4528e-007
1.937500e-002      -2.1693e-005      -3.6142e-004       3.3100e-004      -2.2413e-005      -5.5693e-005      -1.2682e-005       5.0206e-006      -4.3423e-006
1.950000e-002      -2.8185e-005      -3.6135e-004       3.5639e-004      -2.6758e-005      -5.6877e-005      -1.5648e-005       1.8777e-006      -8.2246e-006
1.962500e-002      -3.4621e-005      -3.6074e-004       3.8122e-004      -3.1065e-005      -5.7977e-005      -1.8588e-005      -1.2606e-006      -1.2086e-005
1.975000e-002      -4.0991e-005      -3.5959e-004       4.0544e-004      -3.5327e-005      -5.8991e-005      -2.1497e-005      -4.3894e-006      -1.5921e-005
1.987500e-002      -4.7272e-005      -3.5781e-004       4.2891e-004      -3.9528e-005      -5.9902e-005      -2.4365e-005      -7.5009e-006      -1.9718e-005
2.000000e-002      -5.3525e-005      -3.5586e-004       4.5215e-004      -4.3709e-005      -6.0783e-005      -2.7220e-005      -1.0606e-005      -2.3502e-005
