i    Time
0.000000e+000      -3.2984e-005      -1.8061e-004      -2.5694e-005       7.3432e-005       3.1714e-005       4.8832e-006      -6.9648e-006      -1.0367e-005
1.250000e-004      -3.8307e-005      -1.9301e-004       1.4564e-005       6.6590e-005       2.5648e-005       2.4078e-006      -9.6254e-006      -1.4063e-005
2.500000e-004      -4.3623e-005      -2.0468e-004       5.4299e-005       5.9792e-005       1.9699e-005      -8.0902e-008      -1.2280e-005      -1.7741e-005
3.750000e-004      -4.8899e-005      -2.1396e-004       9.2206e-005       5.3150e-005       1.4155e-005      -2.6080e-006      -1.4912e-005      -2.1355e-005
5.000000e-004      -5.4126e-005      -2.2138e-004       1.2856e-004       4.6648e-005       8.9474e-006      -5.1542e-006      -1.7522e-005      -2.4910e-005
6.250000e-004      -5.9288e-005      -2.2710e-004       1.6337e-004       4.0289e-005       4.0650e-006      -7.7084e-006      -2.0105e-005      -2.8401e-005
7.500000e-004      -6.4373e-005      -2.3125e-004       1.9664e-004       3.4078e-005      -5.0138e-007      -1.0260e-005      -2.2659e-005      -3.1823e-005
8.750000e-004      -6.9367e-005      -2.3397e-004       2.2838e-004       2.8021e-005      -4.7614e-006      -1.2799e-005      -2.5179e-005      -3.5172e-005
1.000000e-003      -7.4258e-005      -2.3535e-004       2.5859e-004       2.2120e-005      -8.7243e-006      -1.5316e-005      -2.7662e-005      -3.8443e-005
1.125000e-003      -7.9034e-005      -2.3551e-004       2.8729e-004       1.6381e-005      -1.2399e-005      -1.7802e-005      -3.0103e-005      -4.1631e-005
1.250000e-003      -8.3684e-005      -2.3452e-004       3.1447e-004       1.0807e-005      -1.5795e-005      -2.0249e-005      -3.2498e-005      -4.4731e-005
1.375000e-003      -8.8196e-005      -2.3249e-004       3.4013e-004       5.4022e-006      -1.8920e-005      -2.2649e-005      -3.4843e-005      -4.7740e-005
1.500000e-003      -9.2561e-005      -2.2947e-004       3.6429e-004       1.6993e-007      -2.1784e-005      -2.4995e-005      -3.7133e-005      -5.0651e-005
1.625000e-003      -9.6767e-005      -2.2555e-004       3.8695e-004      -4.8861e-006      -2.4393e-005      -2.7279e-005      -3.9364e-005      -5.3461e-005
1.750000e-003      -1.0081e-004      -2.2079e-004       4.0810e-004      -9.7626e-006      -2.6757e-005      -2.9497e-005      -4.1533e-005      -5.6166e-005
1.875000e-003      -1.0467e-004      -2.1524e-004       4.2777e-004      -1.4456e-005      -2.8883e-005      -3.1640e-005      -4.3634e-005      -5.8761e-005
2.000000e-003      -1.0835e-004      -2.0895e-004       4.4595e-004      -1.8965e-005      -3.0778e-005      -3.3705e-005      -4.5664e-005      -6.1242e-005
2.125000e-003      -1.1183e-004      -2.0199e-004       4.6264e-004      -2.3285e-005      -3.2451e-005      -3.5686e-005      -4.7619e-005      -6.3605e-005
2.250000e-003      -1.1512e-004      -1.9440e-004       4.7786e-004      -2.7414e-005      -3.3908e-005      -3.7577e-005      -4.9495e-005      -6.5847e-005
2.375000e-003      -1.1819e-004      -1.8623e-004       4.9161e-004      -3.1350e-005      -3.5156e-005      -3.9376e-005      -5.1288e-005      -6.7964e-005
2.500000e-003      -1.2106e-004      -1.7751e-004       5.0391e-004      -3.5090e-005      -3.6203e-005      -4.1077e-005      -5.2995e-005      -6.9952e-005
2.625000e-003      -1.2370e-004      -1.6828e-004       5.1475e-004      -3.8633e-005      -3.7055e-005      -4.2678e-005      -5.4613e-005      -7.1809e-005
2.750000e-003      -1.2612e-004      -1.5859e-004       5.2415e-004      -4.1978e-005      -3.7718e-005      -4.4174e-005      -5.6138e-005      -7.3532e-005
2.875000e-003      -1.2831e-004      -1.4847e-004       5.3213e-004      -4.5122e-005      -3.8200e-005      -4.5564e-005      -5.7568e-005      -7.5117e-005
3.000000e-003      -1.3027e-004      -1.3796e-004       5.3868e-004      -4.8064e-005      -3.8507e-005      -4.6843e-005      -5.8899e-005      -7.6563e-005
3.125000e-003      -1.3199e-004      -1.2708e-004       5.4383e-004      -5.0804e-005      -3.8645e-005      -4.8010e-005      -6.0129e-005      -7.7867e-005
3.250000e-003      -1.3347e-004      -1.1588e-004       5.4759e-004      -5.3341e-005      -3.8619e-005      -4.9063e-005      -6.1255e-005      -7.9028e-005
3.375000e-003      -1.3470e-004      -1.0438e-004       5.4998e-004      -5.5674e-005      -3.8438e-005      -5.0000e-005      -6.2276e-005      -8.0043e-005
3.500000e-003      -1.3569e-004      -9.2618e-005       5.5101e-004      -5.7802e-005      -3.8105e-005      -5.0820e-005      -6.3189e-005      -8.0911e-005
3.625000e-003      -1.3642e-004      -8.0618e-005       5.5070e-004      -5.9727e-005      -3.7628e-005      -5.1521e-005      -6.3992e-005      -8.1630e-005
3.750000e-003      -1.3691e-004      -6.8409e-005       5.4906e-004      -6.1447e-005      -3.7012e-005      -5.2102e-005      -6.4684e-005      -8.2201e-005
3.875000e-003      -1.3715e-004      -5.6022e-005       5.4613e-004      -6.2964e-005      -3.6263e-005      -5.2562e-005      -6.5263e-005      -8.2621e-005
4.000000e-003      -1.3713e-004      -4.3483e-005       5.4191e-004      -6.4277e-005      -3.5386e-005      -5.2902e-005      -6.5728e-005      -8.2891e-005
4.125000e-003      -1.3686e-004      -3.0820e-005       5.3644e-004      -6.5389e-005      -3.4388e-005      -5.3121e-005      -6.6078e-005      -8.3010e-005
4.250000e-003      -1.3634e-004      -1.8060e-005       5.2974e-004      -6.6300e-005      -3.3274e-005      -5.3219e-005      -6.6312e-005      -8.2978e-005
4.375000e-003      -1.3557e-004      -5.2273e-006       5.2182e-004      -6.7011e-005      -3.2049e-005      -5.3196e-005      -6.6430e-005      -8.2795e-005
4.500000e-003      -1.3455e-004       7.6508e-006       5.1273e-004      -6.7524e-005      -3.0719e-005      -5.3053e-005      -6.6431e-005      -8.2462e-005
4.625000e-003      -1.3328e-004       2.0550e-005       5.0248e-004      -6.7842e-005      -2.9290e-005      -5.2790e-005      -6.6315e-005      -8.1979e-005
4.750000e-003      -1.3176e-004       3.3444e-005       4.9111e-004      -6.7966e-005      -2.7767e-005      -5.2409e-005      -6.6081e-005      -8.1347e-005
4.875000e-003      -1.3000e-004       4.6310e-005       4.7865e-004      -6.7898e-005      -2.6155e-005      -5.1910e-005      -6.5731e-005      -8.0568e-005
5.000000e-003      -1.2800e-004       5.9124e-005       4.6512e-004      -6.7641e-005      -2.4460e-005      -5.1295e-005      -6.5265e-005      -7.9643e-005
5.125000e-003      -1.2576e-004       7.1862e-005       4.5056e-004      -6.7198e-005      -2.2688e-005      -5.0566e-005      -6.4682e-005      -7.8573e-005
5.250000e-003      -1.2329e-004       8.4500e-005       4.3500e-004      -6.6572e-005      -2.0842e-005      -4.9724e-005      -6.3985e-005      -7.7360e-005
5.375000e-003      -1.2059e-004       9.7017e-005       4.1848e-004      -6.5766e-005      -1.8930e-005      -4.8771e-005      -6.3173e-005      -7.6007e-005
5.500000e-003      -1.1766e-004       1.0939e-004       4.0103e-004      -6.4783e-005      -1.6955e-005      -4.7710e-005      -6.2248e-005      -7.4515e-005
5.625000e-003      -1.1451e-004       1.2160e-004       3.8269e-004      -6.3628e-005      -1.4924e-005      -4.6542e-005      -6.1212e-005      -7.2888e-005
5.750000e-003      -1.1114e-004       1.3362e-004       3.6350e-004      -6.2304e-005      -1.2840e-005      -4.5270e-005      -6.0066e-005      -7.1127e-005
5.875000e-003      -1.0757e-004       1.4543e-004       3.4350e-004      -6.0816e-005      -1.0711e-005      -4.3896e-005      -5.8812e-005      -6.9236e-005
6.000000e-003      -1.0379e-004       1.5702e-004       3.2272e-004      -5.9167e-005      -8.5398e-006      -4.2424e-005      -5.7451e-005      -6.7218e-005
6.125000e-003      -9.9810e-005       1.6835e-004       3.0120e-004      -5.7362e-005      -6.3324e-006      -4.0857e-005      -5.5987e-005      -6.5076e-005
6.250000e-003      -9.5640e-005       1.7942e-004       2.7900e-004      -5.5407e-005      -4.0936e-006      -3.9196e-005      -5.4420e-005      -6.2814e-005
6.375000e-003      -9.1286e-005       1.9020e-004       2.5614e-004      -5.3304e-005      -1.8285e-006      -3.7447e-005      -5.2754e-005      -6.0435e-005
6.500000e-003      -8.6754e-005       2.0068e-004       2.3267e-004      -5.1061e-005       4.5813e-007      -3.5611e-005      -5.0990e-005      -5.7943e-005
6.625000e-003      -8.2051e-005       2.1084e-004       2.0864e-004      -4.8682e-005       2.7613e-006      -3.3693e-005      -4.9133e-005      -5.5343e-005
6.750000e-003      -7.7185e-005       2.2066e-004       1.8409e-004      -4.6172e-005       5.0762e-006      -3.1696e-005      -4.7184e-005      -5.2639e-005
6.875000e-003      -7.2165e-005       2.3013e-004       1.5906e-004      -4.3537e-005       7.3982e-006      -2.9623e-005      -4.5148e-005      -4.9834e-005
7.000000e-003      -6.6997e-005       2.3922e-004       1.3360e-004      -4.0783e-005       9.7224e-006      -2.7480e-005      -4.3026e-005      -4.6934e-005
7.125000e-003      -6.1691e-005       2.4793e-004       1.0776e-004      -3.7915e-005       1.2044e-005      -2.5268e-005      -4.0822e-005      -4.3943e-005
7.250000e-003      -5.6255e-005       2.5623e-004       8.1568e-005      -3.4940e-005       1.4359e-005      -2.2994e-005      -3.8540e-005      -4.0866e-005
7.375000e-003      -5.0697e-005       2.6413e-004       5.5086e-005      -3.1863e-005       1.6663e-005      -2.0660e-005      -3.6184e-005      -3.7708e-005
7.500000e-003      -4.5028e-005       2.7159e-004       2.8355e-005      -2.8691e-005       1.8950e-005      -1.8271e-005      -3.3757e-005      -3.4474e-005
7.625000e-003      -3.9255e-005       2.7862e-004       1.4224e-006      -2.5430e-005       2.1217e-005      -1.5831e-005      -3.1262e-005      -3.1169e-005
7.750000e-003      -3.3388e-005       2.8520e-004      -2.5666e-005      -2.2086e-005       2.3460e-005      -1.3344e-005      -2.8704e-005      -2.7798e-005
7.875000e-003      -2.7437e-005       2.9131e-004      -5.2863e-005      -1.8667e-005       2.5674e-005      -1.0815e-005      -2.6087e-005      -2.4368e-005
8.000000e-003      -2.1411e-005       2.9696e-004      -8.0122e-005      -1.5178e-005       2.7855e-005      -8.2492e-006      -2.3415e-005      -2.0882e-005
8.125000e-003      -1.5319e-005       3.0212e-004      -1.0740e-004      -1.1627e-005       3.0000e-005      -5.6497e-006      -2.0692e-005      -1.7348e-005
8.250000e-003      -9.1720e-006       3.0679e-004      -1.3464e-004      -8.0192e-006       3.2103e-005      -3.0216e-006      -1.7923e-005      -1.3770e-005
8.375000e-003      -2.9793e-006       3.1097e-004      -1.6181e-004      -4.3624e-006       3.4162e-005      -3.6951e-007      -1.5111e-005      -1.0154e-005
8.500000e-003       3.2491e-006       3.1464e-004      -1.8885e-004      -6.6318e-007       3.6173e-005       2.3021e-006      -1.2262e-005      -6.5066e-006
8.625000e-003       9.5034e-006       3.1781e-004      -2.1573e-004       3.0716e-006       3.8131e-005       4.9885e-006      -9.3789e-006      -2.8327e-006
8.750000e-003       1.5773e-005       3.2045e-004      -2.4239e-004       6.8350e-006       4.0035e-005       7.6851e-006      -6.4673e-006       8.6160e-007
8.875000e-003       2.2049e-005       3.2258e-004      -2.6880e-004       1.0620e-005       4.1879e-005       1.0387e-005      -3.5316e-006       4.5704e-006
9.000000e-003       2.8321e-005       3.2419e-004      -2.9490e-004       1.4420e-005       4.3661e-005       1.3090e-005      -5.7626e-007       8.2879e-006
9.125000e-003       3.4578e-005       3.2526e-004      -3.2066e-004       1.8229e-005       4.5378e-005       1.5790e-005       2.3940e-006       1.2008e-005
9.250000e-003       4.0811e-005       3.2582e-004      -3.4602e-004       2.2038e-005       4.7027e-005       1.8481e-005       5.3745e-006       1.5725e-005
9.375000e-003       4.7010e-005       3.2584e-004      -3.7096e-004       2.5841e-005       4.8604e-005       2.1159e-005       8.3605e-006       1.9433e-005
9.500000e-003       5.3165e-005       3.2533e-004      -3.9542e-004       2.9633e-005       5.0108e-005       2.3820e-005       1.1347e-005       2.3126e-005
9.625000e-003       5.9266e-005       3.2429e-004      -4.1937e-004       3.3404e-005       5.1535e-005       2.6459e-005       1.4330e-005       2.6798e-005
9.750000e-003       6.5304e-005       3.2273e-004      -4.4277e-004       3.7150e-005       5.2883e-005       2.9071e-005       1.7305e-005       3.0444e-005
9.875000e-003       7.1268e-005       3.2064e-004      -4.6558e-004       4.0863e-005       5.4149e-005       3.1652e-005       2.0266e-005       3.4057e-005
1.000000e-002       7.7149e-005       3.1803e-004      -4.8775e-004       4.4537e-005       5.5332e-005       3.4199e-005       2.3210e-005       3.7632e-005
1.012500e-002       8.2938e-005       3.1490e-004      -5.0926e-004       4.8165e-005       5.6429e-005       3.6705e-005       2.6130e-005       4.1164e-005
1.025000e-002       8.8626e-005       3.1126e-004      -5.3007e-004       5.1741e-005       5.7439e-005       3.9168e-005       2.9024e-005       4.4646e-005
1.037500e-002       9.4204e-005       3.0711e-004      -5.5014e-004       5.5259e-005       5.8359e-005       4.1583e-005       3.1886e-005       4.8073e-005
1.050000e-002       9.9662e-005       3.0246e-004      -5.6944e-004       5.8712e-005       5.9188e-005       4.3946e-005       3.4712e-005       5.1440e-005
1.062500e-002       1.0499e-004       2.9732e-004      -5.8795e-004       6.2095e-005       5.9925e-005       4.6253e-005       3.7497e-005       5.4742e-005
1.075000e-002       1.1019e-004       2.9169e-004      -6.0561e-004       6.5401e-005       6.0568e-005       4.8501e-005       4.0237e-005       5.7972e-005
1.087500e-002       1.1523e-004       2.8558e-004      -6.2242e-004       6.8624e-005       6.1116e-005       5.0684e-005       4.2928e-005       6.1127e-005
1.100000e-002       1.2013e-004       2.7900e-004      -6.3834e-004       7.1760e-005       6.1568e-005       5.2801e-005       4.5565e-005       6.4201e-005
1.112500e-002       1.2486e-004       2.7197e-004      -6.5334e-004       7.4802e-005       6.1923e-005       5.4846e-005       4.8144e-005       6.7189e-005
1.125000e-002       1.2943e-004       2.6449e-004      -6.6740e-004       7.7745e-005       6.2181e-005       5.6817e-005       5.0662e-005       7.0086e-005
1.137500e-002       1.3382e-004       2.5657e-004      -6.8050e-004       8.0584e-005       6.2341e-005       5.8711e-005       5.3114e-005       7.2889e-005
1.150000e-002       1.3803e-004       2.4823e-004      -6.9261e-004       8.3314e-005       6.2402e-005       6.0524e-005       5.5496e-005       7.5592e-005
1.162500e-002       1.4205e-004       2.3948e-004      -7.0372e-004       8.5931e-005       6.2365e-005       6.2252e-005       5.7804e-005       7.8191e-005
1.175000e-002       1.4587e-004       2.3033e-004      -7.1380e-004       8.8429e-005       6.2230e-005       6.3894e-005       6.0036e-005       8.0682e-005
1.187500e-002       1.4949e-004       2.2080e-004      -7.2284e-004       9.0804e-005       6.1996e-005       6.5447e-005       6.2187e-005       8.3061e-005
1.200000e-002       1.5291e-004       2.1090e-004      -7.3082e-004       9.3052e-005       6.1663e-005       6.6907e-005       6.4254e-005       8.5325e-005
1.212500e-002       1.5611e-004       2.0065e-004      -7.3772e-004       9.5169e-005       6.1233e-005       6.8272e-005       6.6233e-005       8.7469e-005
1.225000e-002       1.5909e-004       1.9006e-004      -7.4355e-004       9.7151e-005       6.0706e-005       6.9540e-005       6.8122e-005       8.9491e-005
1.237500e-002       1.6185e-004       1.7916e-004      -7.4828e-004       9.8995e-005       6.0082e-005       7.0710e-005       6.9918e-005       9.1386e-005
1.250000e-002       1.6438e-004       1.6795e-004      -7.5191e-004       1.0070e-004       5.9363e-005       7.1777e-005       7.1617e-005       9.3153e-005
1.262500e-002       1.6668e-004       1.5645e-004      -7.5443e-004       1.0226e-004       5.8549e-005       7.2742e-005       7.3218e-005       9.4788e-005
1.275000e-002       1.6874e-004       1.4468e-004      -7.5583e-004       1.0367e-004       5.7642e-005       7.3602e-005       7.4717e-005       9.6289e-005
1.287500e-002       1.7056e-004       1.3267e-004      -7.5612e-004       1.0493e-004       5.6643e-005       7.4355e-005       7.6111e-005       9.7652e-005
1.300000e-002       1.7214e-004       1.2042e-004      -7.5529e-004       1.0603e-004       5.5553e-005       7.5001e-005       7.7400e-005       9.8877e-005
1.312500e-002       1.7348e-004       1.0796e-004      -7.5334e-004       1.0698e-004       5.4375e-005       7.5538e-005       7.8580e-005       9.9961e-005
1.325000e-002       1.7457e-004       9.5313e-005      -7.5027e-004       1.0778e-004       5.3110e-005       7.5965e-005       7.9651e-005       1.0090e-004
1.337500e-002       1.7541e-004       8.2488e-005      -7.4608e-004       1.0842e-004       5.1759e-005       7.6281e-005       8.0609e-005       1.0170e-004
1.350000e-002       1.7600e-004       6.9511e-005      -7.4079e-004       1.0890e-004       5.0325e-005       7.6486e-005       8.1454e-005       1.0235e-004
1.362500e-002       1.7634e-004       5.6400e-005      -7.3440e-004       1.0921e-004       4.8811e-005       7.6579e-005       8.2184e-005       1.0285e-004
1.375000e-002       1.7642e-004       4.3177e-005      -7.2692e-004       1.0937e-004       4.7218e-005       7.6559e-005       8.2798e-005       1.0321e-004
1.387500e-002       1.7626e-004       2.9861e-005      -7.1835e-004       1.0936e-004       4.5549e-005       7.6428e-005       8.3295e-005       1.0342e-004
1.400000e-002       1.7584e-004       1.6474e-005      -7.0872e-004       1.0919e-004       4.3806e-005       7.6184e-005       8.3674e-005       1.0348e-004
1.412500e-002       1.7517e-004       3.0360e-006      -6.9803e-004       1.0886e-004       4.1992e-005       7.5828e-005       8.3934e-005       1.0339e-004
1.425000e-002       1.7424e-004      -1.0432e-005      -6.8630e-004       1.0837e-004       4.0110e-005       7.5361e-005       8.4076e-005       1.0315e-004
1.437500e-002       1.7307e-004      -2.3908e-005      -6.7354e-004       1.0771e-004       3.8162e-005       7.4782e-005       8.4098e-005       1.0277e-004
1.450000e-002       1.7165e-004      -3.7372e-005      -6.5979e-004       1.0690e-004       3.6153e-005       7.4093e-005       8.4000e-005       1.0223e-004
1.462500e-002       1.6998e-004      -5.0804e-005      -6.4505e-004       1.0592e-004       3.4084e-005       7.3295e-005       8.3784e-005       1.0155e-004
1.475000e-002       1.6807e-004      -6.4181e-005      -6.2935e-004       1.0478e-004       3.1959e-005       7.2388e-005       8.3448e-005       1.0073e-004
1.487500e-002       1.6591e-004      -7.7484e-005      -6.1271e-004       1.0349e-004       2.9781e-005       7.1375e-005       8.2993e-005       9.9754e-005
1.500000e-002       1.6352e-004      -9.0692e-005      -5.9516e-004       1.0204e-004       2.7554e-005       7.0256e-005       8.2420e-005       9.8638e-005
1.512500e-002       1.6090e-004      -1.0378e-004      -5.7672e-004       1.0043e-004       2.5281e-005       6.9033e-005       8.1730e-005       9.7381e-005
1.525000e-002       1.5804e-004      -1.1674e-004      -5.5743e-004       9.8678e-005       2.2966e-005       6.7708e-005       8.0924e-005       9.5983e-005
1.537500e-002       1.5496e-004      -1.2954e-004      -5.3730e-004       9.6774e-005       2.0611e-005       6.6283e-005       8.0003e-005       9.4447e-005
1.550000e-002       1.5165e-004      -1.4216e-004      -5.1638e-004       9.4722e-005       1.8221e-005       6.4759e-005       7.8968e-005       9.2775e-005
1.562500e-002       1.4813e-004      -1.5459e-004      -4.9468e-004       9.2528e-005       1.5800e-005       6.3140e-005       7.7821e-005       9.0970e-005
1.575000e-002       1.4439e-004      -1.6680e-004      -4.7226e-004       9.0192e-005       1.3351e-005       6.1427e-005       7.6563e-005       8.9035e-005
1.587500e-002       1.4045e-004      -1.7877e-004      -4.4913e-004       8.7720e-005       1.0877e-005       5.9623e-005       7.5197e-005       8.6972e-005
1.600000e-002       1.3631e-004      -1.9050e-004      -4.2534e-004       8.5114e-005       8.3836e-006       5.7731e-005       7.3724e-005       8.4785e-005
1.612500e-002       1.3198e-004      -2.0195e-004      -4.0092e-004       8.2378e-005       5.8734e-006       5.5754e-005       7.2147e-005       8.2476e-005
1.625000e-002       1.2746e-004      -2.1311e-004      -3.7590e-004       7.9517e-005       3.3507e-006       5.3694e-005       7.0468e-005       8.0050e-005
1.637500e-002       1.2275e-004      -2.2397e-004      -3.5034e-004       7.6535e-005       8.1934e-007       5.1555e-005       6.8689e-005       7.7510e-005
1.650000e-002       1.1788e-004      -2.3450e-004      -3.2425e-004       7.3435e-005      -1.7168e-006       4.9339e-005       6.6813e-005       7.4859e-005
1.662500e-002       1.1283e-004      -2.4470e-004      -2.9770e-004       7.0223e-005      -4.2538e-006       4.7051e-005       6.4844e-005       7.2103e-005
1.675000e-002       1.0763e-004      -2.5454e-004      -2.7070e-004       6.6903e-005      -6.7878e-006       4.4694e-005       6.2783e-005       6.9244e-005
1.687500e-002       1.0228e-004      -2.6400e-004      -2.4332e-004       6.3480e-005      -9.3147e-006       4.2270e-005       6.0635e-005       6.6288e-005
1.700000e-002       9.6788e-005      -2.7308e-004      -2.1558e-004       5.9960e-005      -1.1831e-005       3.9785e-005       5.8401e-005       6.3239e-005
1.712500e-002       9.1159e-005      -2.8176e-004      -1.8753e-004       5.6347e-005      -1.4332e-005       3.7241e-005       5.6087e-005       6.0101e-005
1.725000e-002       8.5405e-005      -2.9003e-004      -1.5921e-004       5.2648e-005      -1.6815e-005       3.4642e-005       5.3695e-005       5.6880e-005
1.737500e-002       7.9534e-005      -2.9787e-004      -1.3067e-004       4.8867e-005      -1.9275e-005       3.1993e-005       5.1228e-005       5.3580e-005
1.750000e-002       7.3554e-005      -3.0527e-004      -1.0195e-004       4.5010e-005      -2.1709e-005       2.9298e-005       4.8691e-005       5.0206e-005
1.762500e-002       6.7476e-005      -3.1222e-004      -7.3096e-005       4.1083e-005      -2.4113e-005       2.6560e-005       4.6088e-005       4.6764e-005
1.775000e-002       6.1308e-005      -3.1871e-004      -4.4149e-005       3.7092e-005      -2.6483e-005       2.3784e-005       4.3422e-005       4.3258e-005
1.787500e-002       5.5060e-005      -3.2473e-004      -1.5153e-005       3.3043e-005      -2.8816e-005       2.0973e-005       4.0697e-005       3.9694e-005
1.800000e-002       4.8741e-005      -3.3027e-004       1.3846e-005       2.8943e-005      -3.1108e-005       1.8133e-005       3.7919e-005       3.6077e-005
1.812500e-002       4.2360e-005      -3.3532e-004       4.2803e-005       2.4796e-005      -3.3355e-005       1.5267e-005       3.5089e-005       3.2414e-005
1.825000e-002       3.5929e-005      -3.3987e-004       7.1676e-005       2.0610e-005      -3.5554e-005       1.2380e-005       3.2214e-005       2.8709e-005
1.837500e-002       2.9455e-005      -3.4391e-004       1.0042e-004       1.6391e-005      -3.7702e-005       9.4768e-006       2.9298e-005       2.4968e-005
1.850000e-002       2.2949e-005      -3.4745e-004       1.2899e-004       1.2145e-005      -3.9795e-005       6.5610e-006       2.6344e-005       2.1197e-005
1.862500e-002       1.6422e-005      -3.5046e-004       1.5734e-004       7.8791e-006      -4.1830e-005       3.6373e-006       2.3358e-005       1.7402e-005
1.875000e-002       9.8826e-006      -3.5296e-004       1.8543e-004       3.5991e-006      -4.3804e-005       7.1027e-007       2.0344e-005       1.3589e-005
1.887500e-002       3.3411e-006      -3.5493e-004       2.1322e-004      -6.8834e-007      -4.5713e-005      -2.2157e-006       1.7306e-005       9.7621e-006
1.900000e-002      -3.1925e-006      -3.5637e-004       2.4066e-004      -4.9766e-006      -4.7556e-005      -5.1361e-006       1.4250e-005       5.9288e-006
1.912500e-002      -9.7083e-006      -3.5728e-004       2.6772e-004      -9.2592e-006      -4.9328e-005      -8.0466e-006       1.1179e-005       2.0945e-006
1.925000e-002      -1.6196e-005      -3.5765e-004       2.9434e-004      -1.3530e-005      -5.1028e-005      -1.0943e-005       8.0994e-006      -1.7349e-006
1.937500e-002      -2.2646e-005      -3.5750e-004       3.2050e-004      -1.7782e-005      -5.2652e-005      -1.3820e-005       5.0146e-006      -5.5537e-006
1.950000e-002      -2.9049e-005      -3.5680e-004       3.4614e-004      -2.2008e-005      -5.4198e-005      -1.6673e-005       1.9297e-006      -9.3559e-006
1.962500e-002      -3.5394e-005      -3.5558e-004       3.7123e-004      -2.6203e-005      -5.5664e-005      -1.9500e-005      -1.1505e-006      -1.3136e-005
1.975000e-002      -4.1673e-005      -3.5382e-004       3.9574e-004      -3.0361e-005      -5.7048e-005      -2.2294e-005      -4.2214e-006      -1.6887e-005
1.987500e-002      -4.7861e-005      -3.5145e-004       4.1951e-004      -3.4466e-005      -5.8332e-005      -2.5045e-005      -7.2752e-006      -2.0599e-005
2.000000e-002      -5.4020e-005      -3.4891e-004       4.4306e-004      -3.8554e-005      -5.9588e-005      -2.7783e-005      -1.0323e-005      -2.4297e-005
