i    Time
0.000000e+000      -1.6908e-005      -7.1146e-005      -1.5384e-005       4.6765e-005       9.3851e-006       1.7715e-005       9.3895e-006       9.3661e-006
1.250000e-004      -2.3370e-005      -9.8847e-005       2.6857e-005       3.9624e-005       5.4804e-006       1.3707e-005       5.2677e-006       4.2605e-006
2.500000e-004      -2.9781e-005      -1.2527e-004       6.8365e-005       3.2594e-005       1.6706e-006       9.7360e-006       1.1957e-006      -7.9074e-007
3.750000e-004      -3.6015e-005      -1.4745e-004       1.0738e-004       2.5942e-005      -1.8170e-006       5.8959e-006      -2.7105e-006      -5.6582e-006
5.000000e-004      -4.2100e-005      -1.6638e-004       1.4435e-004       1.9598e-005      -5.0437e-006       2.1649e-006      -6.4874e-006      -1.0377e-005
6.250000e-004      -4.8038e-005      -1.8238e-004       1.7937e-004       1.3550e-005      -8.0218e-006      -1.4582e-006      -1.0144e-005      -1.4954e-005
7.500000e-004      -5.3827e-005      -1.9570e-004       2.1250e-004       7.7857e-006      -1.0763e-005      -4.9742e-006      -1.3687e-005      -1.9393e-005
8.750000e-004      -5.9466e-005      -2.0659e-004       2.4381e-004       2.2964e-006      -1.3277e-005      -8.3832e-006      -1.7122e-005      -2.3697e-005
1.000000e-003      -6.4951e-005      -2.1526e-004       2.7334e-004      -2.9265e-006      -1.5574e-005      -1.1685e-005      -2.0453e-005      -2.7870e-005
1.125000e-003      -7.0278e-005      -2.2190e-004       3.0114e-004      -7.8906e-006      -1.7664e-005      -1.4879e-005      -2.3684e-005      -3.1912e-005
1.250000e-003      -7.5444e-005      -2.2670e-004       3.2726e-004      -1.2602e-005      -1.9554e-005      -1.7965e-005      -2.6817e-005      -3.5824e-005
1.375000e-003      -8.0444e-005      -2.2980e-004       3.5174e-004      -1.7067e-005      -2.1253e-005      -2.0941e-005      -2.9852e-005      -3.9607e-005
1.500000e-003      -8.5272e-005      -2.3136e-004       3.7459e-004      -2.1291e-005      -2.2768e-005      -2.3806e-005      -3.2791e-005      -4.3259e-005
1.625000e-003      -8.9922e-005      -2.3149e-004       3.9587e-004      -2.5277e-005      -2.4107e-005      -2.6558e-005      -3.5634e-005      -4.6780e-005
1.750000e-003      -9.4390e-005      -2.3032e-004       4.1558e-004      -2.9030e-005      -2.5276e-005      -2.9197e-005      -3.8379e-005      -5.0170e-005
1.875000e-003      -9.8669e-005      -2.2794e-004       4.3376e-004      -3.2554e-005      -2.6282e-005      -3.1721e-005      -4.1027e-005      -5.3425e-005
2.000000e-003      -1.0275e-004      -2.2447e-004       4.5043e-004      -3.5852e-005      -2.7130e-005      -3.4128e-005      -4.3576e-005      -5.6544e-005
2.125000e-003      -1.0664e-004      -2.1997e-004       4.6560e-004      -3.8927e-005      -2.7827e-005      -3.6416e-005      -4.6024e-005      -5.9526e-005
2.250000e-003      -1.1032e-004      -2.1455e-004       4.7930e-004      -4.1781e-005      -2.8378e-005      -3.8585e-005      -4.8370e-005      -6.2368e-005
2.375000e-003      -1.1379e-004      -2.0826e-004       4.9155e-004      -4.4418e-005      -2.8788e-005      -4.0632e-005      -5.0613e-005      -6.5069e-005
2.500000e-003      -1.1704e-004      -2.0119e-004       5.0236e-004      -4.6839e-005      -2.9062e-005      -4.2557e-005      -5.2750e-005      -6.7626e-005
2.625000e-003      -1.2007e-004      -1.9338e-004       5.1175e-004      -4.9048e-005      -2.9206e-005      -4.4358e-005      -5.4779e-005      -7.0036e-005
2.750000e-003      -1.2288e-004      -1.8491e-004       5.1974e-004      -5.1046e-005      -2.9224e-005      -4.6035e-005      -5.6698e-005      -7.2299e-005
2.875000e-003      -1.2546e-004      -1.7582e-004       5.2635e-004      -5.2836e-005      -2.9121e-005      -4.7585e-005      -5.8505e-005      -7.4411e-005
3.000000e-003      -1.2780e-004      -1.6617e-004       5.3158e-004      -5.4419e-005      -2.8901e-005      -4.9008e-005      -6.0199e-005      -7.6372e-005
3.125000e-003      -1.2991e-004      -1.5601e-004       5.3547e-004      -5.5800e-005      -2.8569e-005      -5.0303e-005      -6.1777e-005      -7.8178e-005
3.250000e-003      -1.3177e-004      -1.4538e-004       5.3802e-004      -5.6979e-005      -2.8130e-005      -5.1470e-005      -6.3238e-005      -7.9829e-005
3.375000e-003      -1.3339e-004      -1.3432e-004       5.3925e-004      -5.7959e-005      -2.7587e-005      -5.2507e-005      -6.4580e-005      -8.1323e-005
3.500000e-003      -1.3476e-004      -1.2288e-004       5.3919e-004      -5.8743e-005      -2.6946e-005      -5.3416e-005      -6.5801e-005      -8.2658e-005
3.625000e-003      -1.3589e-004      -1.1109e-004       5.3785e-004      -5.9334e-005      -2.6209e-005      -5.4195e-005      -6.6899e-005      -8.3833e-005
3.750000e-003      -1.3676e-004      -9.8999e-005       5.3526e-004      -5.9733e-005      -2.5382e-005      -5.4844e-005      -6.7874e-005      -8.4848e-005
3.875000e-003      -1.3738e-004      -8.6633e-005       5.3143e-004      -5.9945e-005      -2.4467e-005      -5.5365e-005      -6.8724e-005      -8.5701e-005
4.000000e-003      -1.3775e-004      -7.4030e-005       5.2639e-004      -5.9971e-005      -2.3471e-005      -5.5755e-005      -6.9448e-005      -8.6392e-005
4.125000e-003      -1.3787e-004      -6.1223e-005       5.2016e-004      -5.9816e-005      -2.2395e-005      -5.6018e-005      -7.0046e-005      -8.6920e-005
4.250000e-003      -1.3773e-004      -4.8244e-005       5.1277e-004      -5.9481e-005      -2.1245e-005      -5.6152e-005      -7.0516e-005      -8.7285e-005
4.375000e-003      -1.3734e-004      -3.5124e-005       5.0423e-004      -5.8972e-005      -2.0025e-005      -5.6159e-005      -7.0857e-005      -8.7487e-005
4.500000e-003      -1.3669e-004      -2.1893e-005       4.9458e-004      -5.8290e-005      -1.8738e-005      -5.6039e-005      -7.1071e-005      -8.7526e-005
4.625000e-003      -1.3579e-004      -8.5815e-006       4.8385e-004      -5.7440e-005      -1.7388e-005      -5.5795e-005      -7.1156e-005      -8.7403e-005
4.750000e-003      -1.3465e-004       4.7830e-006       4.7205e-004      -5.6426e-005      -1.5980e-005      -5.5427e-005      -7.1112e-005      -8.7118e-005
4.875000e-003      -1.3325e-004       1.8172e-005       4.5923e-004      -5.5252e-005      -1.4517e-005      -5.4936e-005      -7.0940e-005      -8.6673e-005
5.000000e-003      -1.3161e-004       3.1560e-005       4.4541e-004      -5.3922e-005      -1.3002e-005      -5.4324e-005      -7.0640e-005      -8.6068e-005
5.125000e-003      -1.2972e-004       4.4918e-005       4.3062e-004      -5.2439e-005      -1.1441e-005      -5.3594e-005      -7.0213e-005      -8.5305e-005
5.250000e-003      -1.2760e-004       5.8222e-005       4.1490e-004      -5.0809e-005      -9.8371e-006      -5.2747e-005      -6.9659e-005      -8.4386e-005
5.375000e-003      -1.2523e-004       7.1446e-005       3.9828e-004      -4.9037e-005      -8.1937e-006      -5.1785e-005      -6.8980e-005      -8.3311e-005
5.500000e-003      -1.2264e-004       8.4566e-005       3.8079e-004      -4.7126e-005      -6.5150e-006      -5.0710e-005      -6.8176e-005      -8.2084e-005
5.625000e-003      -1.1981e-004       9.7557e-005       3.6247e-004      -4.5082e-005      -4.8047e-006      -4.9525e-005      -6.7249e-005      -8.0707e-005
5.750000e-003      -1.1676e-004       1.1040e-004       3.4335e-004      -4.2910e-005      -3.0667e-006      -4.8233e-005      -6.6201e-005      -7.9181e-005
5.875000e-003      -1.1350e-004       1.2306e-004       3.2348e-004      -4.0615e-005      -1.3047e-006      -4.6836e-005      -6.5033e-005      -7.7510e-005
6.000000e-003      -1.1001e-004       1.3553e-004       3.0288e-004      -3.8203e-005       4.7732e-007      -4.5337e-005      -6.3747e-005      -7.5697e-005
6.125000e-003      -1.0632e-004       1.4778e-004       2.8161e-004      -3.5678e-005       2.2757e-006      -4.3740e-005      -6.2345e-005      -7.3745e-005
6.250000e-003      -1.0243e-004       1.5978e-004       2.5969e-004      -3.3046e-005       4.0868e-006      -4.2046e-005      -6.0830e-005      -7.1657e-005
6.375000e-003      -9.8344e-005       1.7153e-004       2.3718e-004      -3.0313e-005       5.9068e-006      -4.0261e-005      -5.9204e-005      -6.9436e-005
6.500000e-003      -9.4067e-005       1.8300e-004       2.1410e-004      -2.7485e-005       7.7322e-006      -3.8386e-005      -5.7470e-005      -6.7087e-005
6.625000e-003      -8.9608e-005       1.9416e-004       1.9050e-004      -2.4567e-005       9.5591e-006      -3.6427e-005      -5.5630e-005      -6.4614e-005
6.750000e-003      -8.4973e-005       2.0501e-004       1.6643e-004      -2.1566e-005       1.1384e-005      -3.4385e-005      -5.3688e-005      -6.2019e-005
6.875000e-003      -8.0171e-005       2.1552e-004       1.4193e-004      -1.8487e-005       1.3204e-005      -3.2266e-005      -5.1646e-005      -5.9309e-005
7.000000e-003      -7.5210e-005       2.2568e-004       1.1703e-004      -1.5337e-005       1.5014e-005      -3.0072e-005      -4.9508e-005      -5.6487e-005
7.125000e-003      -7.0096e-005       2.3547e-004       9.1787e-005      -1.2122e-005       1.6812e-005      -2.7808e-005      -4.7278e-005      -5.3557e-005
7.250000e-003      -6.4839e-005       2.4486e-004       6.6242e-005      -8.8473e-006       1.8595e-005      -2.5479e-005      -4.4958e-005      -5.0526e-005
7.375000e-003      -5.9447e-005       2.5386e-004       4.0437e-005      -5.5203e-006       2.0358e-005      -2.3088e-005      -4.2553e-005      -4.7396e-005
7.500000e-003      -5.3928e-005       2.6244e-004       1.4418e-005      -2.1469e-006       2.2098e-005      -2.0639e-005      -4.0066e-005      -4.4175e-005
7.625000e-003      -4.8292e-005       2.7059e-004      -1.1771e-005       1.2665e-006       2.3813e-005      -1.8137e-005      -3.7501e-005      -4.0867e-005
7.750000e-003      -4.2548e-005       2.7829e-004      -3.8086e-005       4.7134e-006       2.5499e-005      -1.5586e-005      -3.4863e-005      -3.7476e-005
7.875000e-003      -3.6704e-005       2.8554e-004      -6.4481e-005       8.1875e-006       2.7153e-005      -1.2990e-005      -3.2156e-005      -3.4010e-005
8.000000e-003      -3.0770e-005       2.9232e-004      -9.0912e-005       1.1682e-005       2.8772e-005      -1.0355e-005      -2.9383e-005      -3.0473e-005
8.125000e-003      -2.4756e-005       2.9862e-004      -1.1733e-004       1.5191e-005       3.0353e-005      -7.6843e-006      -2.6550e-005      -2.6871e-005
8.250000e-003      -1.8671e-005       3.0443e-004      -1.4370e-004       1.8708e-005       3.1893e-005      -4.9829e-006      -2.3661e-005      -2.3209e-005
8.375000e-003      -1.2525e-005       3.0974e-004      -1.6997e-004       2.2227e-005       3.3390e-005      -2.2555e-006      -2.0720e-005      -1.9495e-005
8.500000e-003      -6.3282e-006       3.1454e-004      -1.9610e-004       2.5740e-005       3.4840e-005       4.9325e-007      -1.7732e-005      -1.5733e-005
8.625000e-003      -8.9987e-008       3.1883e-004      -2.2205e-004       2.9242e-005       3.6241e-005       3.2588e-006      -1.4702e-005      -1.1929e-005
8.750000e-003       6.1796e-006       3.2259e-004      -2.4777e-004       3.2727e-005       3.7592e-005       6.0363e-006      -1.1635e-005      -8.0906e-006
8.875000e-003       1.2470e-005       3.2583e-004      -2.7321e-004       3.6187e-005       3.8888e-005       8.8211e-006      -8.5353e-006      -4.2228e-006
9.000000e-003       1.8772e-005       3.2854e-004      -2.9834e-004       3.9618e-005       4.0128e-005       1.1609e-005      -5.4078e-006      -3.3196e-007
9.125000e-003       2.5076e-005       3.3071e-004      -3.2312e-004       4.3012e-005       4.1310e-005       1.4394e-005      -2.2576e-006       3.5757e-006
9.250000e-003       3.1370e-005       3.3233e-004      -3.4750e-004       4.6364e-005       4.2431e-005       1.7172e-005       9.1022e-007       7.4939e-006
9.375000e-003       3.7645e-005       3.3342e-004      -3.7145e-004       4.9668e-005       4.3490e-005       1.9939e-005       4.0908e-006       1.1416e-005
9.500000e-003       4.3892e-005       3.3396e-004      -3.9492e-004       5.2918e-005       4.4484e-005       2.2690e-005       7.2790e-006       1.5337e-005
9.625000e-003       5.0099e-005       3.3395e-004      -4.1787e-004       5.6108e-005       4.5412e-005       2.5420e-005       1.0470e-005       1.9250e-005
9.750000e-003       5.6258e-005       3.3340e-004      -4.4027e-004       5.9232e-005       4.6273e-005       2.8125e-005       1.3658e-005       2.3148e-005
9.875000e-003       6.2358e-005       3.3230e-004      -4.6208e-004       6.2286e-005       4.7064e-005       3.0800e-005       1.6839e-005       2.7026e-005
1.000000e-002       6.8390e-005       3.3066e-004      -4.8327e-004       6.5263e-005       4.7784e-005       3.3440e-005       2.0008e-005       3.0877e-005
1.012500e-002       7.4344e-005       3.2847e-004      -5.0380e-004       6.8158e-005       4.8432e-005       3.6042e-005       2.3159e-005       3.4695e-005
1.025000e-002       8.0210e-005       3.2575e-004      -5.2363e-004       7.0966e-005       4.9006e-005       3.8601e-005       2.6288e-005       3.8475e-005
1.037500e-002       8.5980e-005       3.2250e-004      -5.4273e-004       7.3683e-005       4.9506e-005       4.1113e-005       2.9390e-005       4.2210e-005
1.050000e-002       9.1643e-005       3.1872e-004      -5.6108e-004       7.6303e-005       4.9931e-005       4.3573e-005       3.2459e-005       4.5894e-005
1.062500e-002       9.7192e-005       3.1441e-004      -5.7864e-004       7.8822e-005       5.0280e-005       4.5977e-005       3.5491e-005       4.9522e-005
1.075000e-002       1.0262e-004       3.0959e-004      -5.9538e-004       8.1235e-005       5.0551e-005       4.8322e-005       3.8481e-005       5.3087e-005
1.087500e-002       1.0791e-004       3.0426e-004      -6.1127e-004       8.3538e-005       5.0745e-005       5.0603e-005       4.1425e-005       5.6584e-005
1.100000e-002       1.1306e-004       2.9843e-004      -6.2629e-004       8.5728e-005       5.0861e-005       5.2817e-005       4.4318e-005       6.0008e-005
1.112500e-002       1.1806e-004       2.9211e-004      -6.4042e-004       8.7799e-005       5.0899e-005       5.4960e-005       4.7155e-005       6.3353e-005
1.125000e-002       1.2291e-004       2.8531e-004      -6.5363e-004       8.9748e-005       5.0858e-005       5.7028e-005       4.9931e-005       6.6614e-005
1.137500e-002       1.2759e-004       2.7804e-004      -6.6589e-004       9.1572e-005       5.0739e-005       5.9019e-005       5.2643e-005       6.9786e-005
1.150000e-002       1.3209e-004       2.7031e-004      -6.7719e-004       9.3267e-005       5.0541e-005       6.0928e-005       5.5286e-005       7.2863e-005
1.162500e-002       1.3642e-004       2.6214e-004      -6.8751e-004       9.4831e-005       5.0265e-005       6.2752e-005       5.7856e-005       7.5841e-005
1.175000e-002       1.4056e-004       2.5353e-004      -6.9683e-004       9.6260e-005       4.9910e-005       6.4489e-005       6.0349e-005       7.8716e-005
1.187500e-002       1.4451e-004       2.4450e-004      -7.0514e-004       9.7552e-005       4.9479e-005       6.6136e-005       6.2761e-005       8.1481e-005
1.200000e-002       1.4826e-004       2.3506e-004      -7.1241e-004       9.8704e-005       4.8970e-005       6.7689e-005       6.5088e-005       8.4134e-005
1.212500e-002       1.5180e-004       2.2523e-004      -7.1865e-004       9.9715e-005       4.8384e-005       6.9146e-005       6.7326e-005       8.6670e-005
1.225000e-002       1.5513e-004       2.1502e-004      -7.2383e-004       1.0058e-004       4.7723e-005       7.0505e-005       6.9472e-005       8.9085e-005
1.237500e-002       1.5825e-004       2.0446e-004      -7.2795e-004       1.0130e-004       4.6988e-005       7.1764e-005       7.1523e-005       9.1374e-005
1.250000e-002       1.6114e-004       1.9354e-004      -7.3100e-004       1.0188e-004       4.6179e-005       7.2919e-005       7.3475e-005       9.3535e-005
1.262500e-002       1.6381e-004       1.8231e-004      -7.3297e-004       1.0230e-004       4.5297e-005       7.3970e-005       7.5325e-005       9.5565e-005
1.275000e-002       1.6624e-004       1.7076e-004      -7.3387e-004       1.0258e-004       4.4345e-005       7.4915e-005       7.7071e-005       9.7458e-005
1.287500e-002       1.6845e-004       1.5892e-004      -7.3368e-004       1.0270e-004       4.3322e-005       7.5751e-005       7.8708e-005       9.9214e-005
1.300000e-002       1.7041e-004       1.4680e-004      -7.3241e-004       1.0268e-004       4.2231e-005       7.6477e-005       8.0236e-005       1.0083e-004
1.312500e-002       1.7213e-004       1.3444e-004      -7.3006e-004       1.0250e-004       4.1074e-005       7.7093e-005       8.1651e-005       1.0230e-004
1.325000e-002       1.7361e-004       1.2183e-004      -7.2663e-004       1.0217e-004       3.9851e-005       7.7596e-005       8.2951e-005       1.0362e-004
1.337500e-002       1.7484e-004       1.0901e-004      -7.2212e-004       1.0169e-004       3.8566e-005       7.7987e-005       8.4134e-005       1.0480e-004
1.350000e-002       1.7582e-004       9.6000e-005      -7.1654e-004       1.0106e-004       3.7219e-005       7.8263e-005       8.5199e-005       1.0583e-004
1.362500e-002       1.7655e-004       8.2810e-005      -7.0990e-004       1.0029e-004       3.5813e-005       7.8425e-005       8.6142e-005       1.0670e-004
1.375000e-002       1.7703e-004       6.9465e-005      -7.0221e-004       9.9357e-005       3.4350e-005       7.8473e-005       8.6964e-005       1.0742e-004
1.387500e-002       1.7725e-004       5.5986e-005      -6.9348e-004       9.8281e-005       3.2832e-005       7.8405e-005       8.7662e-005       1.0799e-004
1.400000e-002       1.7722e-004       4.2395e-005      -6.8372e-004       9.7058e-005       3.1262e-005       7.8222e-005       8.8235e-005       1.0840e-004
1.412500e-002       1.7694e-004       2.8711e-005      -6.7294e-004       9.5690e-005       2.9641e-005       7.7925e-005       8.8683e-005       1.0866e-004
1.425000e-002       1.7640e-004       1.4956e-005      -6.6116e-004       9.4179e-005       2.7973e-005       7.7512e-005       8.9005e-005       1.0876e-004
1.437500e-002       1.7561e-004       1.1527e-006      -6.4841e-004       9.2526e-005       2.6259e-005       7.6986e-005       8.9199e-005       1.0870e-004
1.450000e-002       1.7457e-004      -1.2679e-005      -6.3469e-004       9.0735e-005       2.4503e-005       7.6346e-005       8.9267e-005       1.0848e-004
1.462500e-002       1.7328e-004      -2.6516e-005      -6.2002e-004       8.8808e-005       2.2706e-005       7.5594e-005       8.9207e-005       1.0811e-004
1.475000e-002       1.7174e-004      -4.0338e-005      -6.0444e-004       8.6747e-005       2.0873e-005       7.4730e-005       8.9019e-005       1.0758e-004
1.487500e-002       1.6995e-004      -5.4124e-005      -5.8796e-004       8.4556e-005       1.9005e-005       7.3756e-005       8.8704e-005       1.0690e-004
1.500000e-002       1.6792e-004      -6.7851e-005      -5.7061e-004       8.2236e-005       1.7105e-005       7.2673e-005       8.8262e-005       1.0606e-004
1.512500e-002       1.6565e-004      -8.1498e-005      -5.5241e-004       7.9793e-005       1.5176e-005       7.1483e-005       8.7694e-005       1.0507e-004
1.525000e-002       1.6314e-004      -9.5045e-005      -5.3339e-004       7.7229e-005       1.3222e-005       7.0187e-005       8.7001e-005       1.0393e-004
1.537500e-002       1.6040e-004      -1.0847e-004      -5.1358e-004       7.4549e-005       1.1245e-005       6.8787e-005       8.6183e-005       1.0264e-004
1.550000e-002       1.5742e-004      -1.2175e-004      -4.9301e-004       7.1755e-005       9.2483e-006       6.7285e-005       8.5242e-005       1.0120e-004
1.562500e-002       1.5423e-004      -1.3487e-004      -4.7171e-004       6.8852e-005       7.2348e-006       6.5684e-005       8.4179e-005       9.9613e-005
1.575000e-002       1.5081e-004      -1.4780e-004      -4.4971e-004       6.5845e-005       5.2076e-006       6.3986e-005       8.2996e-005       9.7883e-005
1.587500e-002       1.4717e-004      -1.6053e-004      -4.2705e-004       6.2738e-005       3.1698e-006       6.2193e-005       8.1695e-005       9.6012e-005
1.600000e-002       1.4333e-004      -1.7304e-004      -4.0376e-004       5.9535e-005       1.1246e-006       6.0309e-005       8.0276e-005       9.4003e-005
1.612500e-002       1.3928e-004      -1.8530e-004      -3.7988e-004       5.6241e-005      -9.2485e-007       5.8335e-005       7.8744e-005       9.1859e-005
1.625000e-002       1.3503e-004      -1.9730e-004      -3.5544e-004       5.2861e-005      -2.9755e-006       5.6275e-005       7.7099e-005       8.9583e-005
1.637500e-002       1.3059e-004      -2.0902e-004      -3.3048e-004       4.9401e-005      -5.0242e-006       5.4132e-005       7.5344e-005       8.7178e-005
1.650000e-002       1.2596e-004      -2.2044e-004      -3.0503e-004       4.5865e-005      -7.0678e-006       5.1909e-005       7.3483e-005       8.4649e-005
1.662500e-002       1.2116e-004      -2.3154e-004      -2.7914e-004       4.2258e-005      -9.1031e-006       4.9610e-005       7.1517e-005       8.1998e-005
1.675000e-002       1.1619e-004      -2.4230e-004      -2.5285e-004       3.8587e-005      -1.1127e-005       4.7237e-005       6.9450e-005       7.9230e-005
1.687500e-002       1.1105e-004      -2.5272e-004      -2.2619e-004       3.4856e-005      -1.3137e-005       4.4796e-005       6.7285e-005       7.6350e-005
1.700000e-002       1.0576e-004      -2.6276e-004      -1.9921e-004       3.1071e-005      -1.5128e-005       4.2288e-005       6.5025e-005       7.3361e-005
1.712500e-002       1.0032e-004      -2.7243e-004      -1.7194e-004       2.7237e-005      -1.7100e-005       3.9718e-005       6.2673e-005       7.0269e-005
1.725000e-002       9.4735e-005      -2.8169e-004      -1.4443e-004       2.3362e-005      -1.9047e-005       3.7091e-005       6.0234e-005       6.7077e-005
1.737500e-002       8.9024e-005      -2.9054e-004      -1.1673e-004       1.9449e-005      -2.0968e-005       3.4409e-005       5.7710e-005       6.3791e-005
1.750000e-002       8.3191e-005      -2.9897e-004      -8.8866e-005       1.5506e-005      -2.2860e-005       3.1677e-005       5.5106e-005       6.0415e-005
1.762500e-002       7.7243e-005      -3.0695e-004      -6.0889e-005       1.1539e-005      -2.4719e-005       2.8900e-005       5.2426e-005       5.6956e-005
1.775000e-002       7.1192e-005      -3.1449e-004      -3.2841e-005       7.5520e-006      -2.6542e-005       2.6080e-005       4.9673e-005       5.3417e-005
1.787500e-002       6.5045e-005      -3.2155e-004      -4.7637e-006       3.5527e-006      -2.8328e-005       2.3224e-005       4.6853e-005       4.9805e-005
1.800000e-002       5.8813e-005      -3.2815e-004       2.3299e-005      -4.5339e-007      -3.0072e-005       2.0334e-005       4.3968e-005       4.6125e-005
1.812500e-002       5.2504e-005      -3.3425e-004       5.1305e-005      -4.4601e-006      -3.1773e-005       1.7416e-005       4.1024e-005       4.2383e-005
1.825000e-002       4.6128e-005      -3.3986e-004       7.9210e-005      -8.4614e-006      -3.3428e-005       1.4473e-005       3.8025e-005       3.8584e-005
1.837500e-002       3.9695e-005      -3.4497e-004       1.0697e-004      -1.2451e-005      -3.5034e-005       1.1511e-005       3.4975e-005       3.4734e-005
1.850000e-002       3.3215e-005      -3.4956e-004       1.3455e-004      -1.6424e-005      -3.6589e-005       8.5337e-006       3.1880e-005       3.0839e-005
1.862500e-002       2.6698e-005      -3.5364e-004       1.6190e-004      -2.0372e-005      -3.8090e-005       5.5456e-006       2.8744e-005       2.6905e-005
1.875000e-002       2.0153e-005      -3.5718e-004       1.8898e-004      -2.4292e-005      -3.9536e-005       2.5515e-006       2.5571e-005       2.2938e-005
1.887500e-002       1.3590e-005      -3.6020e-004       2.1576e-004      -2.8176e-005      -4.0923e-005      -4.4418e-007       2.2367e-005       1.8944e-005
1.900000e-002       7.0198e-006      -3.6268e-004       2.4218e-004      -3.2018e-005      -4.2250e-005      -3.4368e-006       1.9137e-005       1.4930e-005
1.912500e-002       4.5212e-007      -3.6462e-004       2.6820e-004      -3.5814e-005      -4.3514e-005      -6.4219e-006       1.5885e-005       1.0900e-005
1.925000e-002      -6.1031e-006      -3.6601e-004       2.9380e-004      -3.9556e-005      -4.4715e-005      -9.3947e-006       1.2616e-005       6.8621e-006
1.937500e-002      -1.2636e-005      -3.6686e-004       3.1892e-004      -4.3240e-005      -4.5849e-005      -1.2351e-005       9.3357e-006       2.8217e-006
1.950000e-002      -1.9136e-005      -3.6716e-004       3.4354e-004      -4.6859e-005      -4.6915e-005      -1.5286e-005       6.0486e-006      -1.2149e-006
1.962500e-002      -2.5594e-005      -3.6692e-004       3.6761e-004      -5.0409e-005      -4.7912e-005      -1.8195e-005       2.7598e-006      -5.2415e-006
1.975000e-002      -3.2000e-005      -3.6612e-004       3.9109e-004      -5.3884e-005      -4.8838e-005      -2.1074e-005      -5.2552e-007      -9.2520e-006
1.987500e-002      -3.8332e-005      -3.6469e-004       4.1385e-004      -5.7264e-005      -4.9679e-005      -2.3912e-005      -3.8003e-006      -1.3236e-005
2.000000e-002      -4.4641e-005      -3.6308e-004       4.3639e-004      -6.0616e-005      -5.0495e-005      -2.6738e-005      -7.0710e-006      -1.7210e-005
