i    Time
0.000000e+000      -3.4394e-005      -1.9256e-004      -4.7140e-005       8.3601e-005       3.4266e-005       6.7635e-006      -8.1474e-006      -1.2563e-005
1.250000e-004      -3.9542e-005      -2.0529e-004      -3.7684e-006       7.5469e-005       2.7690e-005       4.4433e-006      -1.0692e-005      -1.6106e-005
2.500000e-004      -4.4685e-005      -2.1731e-004       3.8964e-005       6.7419e-005       2.1262e-005       2.0927e-006      -1.3238e-005      -1.9636e-005
3.750000e-004      -4.9798e-005      -2.2694e-004       7.9489e-005       5.9653e-005       1.5338e-005      -3.5031e-007      -1.5785e-005      -2.3120e-005
5.000000e-004      -5.4869e-005      -2.3471e-004       1.1817e-004       5.2124e-005       9.8210e-006      -2.8508e-006      -1.8326e-005      -2.6557e-005
6.250000e-004      -5.9884e-005      -2.4075e-004       1.5505e-004       4.4829e-005       4.6917e-006      -5.3916e-006      -2.0856e-005      -2.9940e-005
7.500000e-004      -6.4830e-005      -2.4518e-004       1.9015e-004       3.7766e-005      -6.8728e-008      -7.9570e-006      -2.3368e-005      -3.3264e-005
8.750000e-004      -6.9693e-005      -2.4813e-004       2.2351e-004       3.0931e-005      -4.4775e-006      -1.0533e-005      -2.5857e-005      -3.6522e-005
1.000000e-003      -7.4462e-005      -2.4969e-004       2.5516e-004       2.4323e-005      -8.5508e-006      -1.3105e-005      -2.8317e-005      -3.9710e-005
1.125000e-003      -7.9125e-005      -2.4996e-004       2.8511e-004       1.7940e-005      -1.2304e-005      -1.5662e-005      -3.0743e-005      -4.2820e-005
1.250000e-003      -8.3668e-005      -2.4903e-004       3.1339e-004       1.1781e-005      -1.5750e-005      -1.8193e-005      -3.3129e-005      -4.5848e-005
1.375000e-003      -8.8082e-005      -2.4697e-004       3.4003e-004       5.8461e-006      -1.8904e-005      -2.0687e-005      -3.5469e-005      -4.8788e-005
1.500000e-003      -9.2356e-005      -2.4388e-004       3.6503e-004       1.3342e-007      -2.1777e-005      -2.3135e-005      -3.7758e-005      -5.1634e-005
1.625000e-003      -9.6480e-005      -2.3981e-004       3.8842e-004      -5.3570e-006      -2.4381e-005      -2.5528e-005      -3.9992e-005      -5.4383e-005
1.750000e-003      -1.0044e-004      -2.3483e-004       4.1020e-004      -1.0625e-005      -2.6727e-005      -2.7859e-005      -4.2165e-005      -5.7028e-005
1.875000e-003      -1.0424e-004      -2.2901e-004       4.3041e-004      -1.5672e-005      -2.8826e-005      -3.0120e-005      -4.4272e-005      -5.9565e-005
2.000000e-003      -1.0785e-004      -2.2239e-004       4.4905e-004      -2.0496e-005      -3.0688e-005      -3.2304e-005      -4.6309e-005      -6.1990e-005
2.125000e-003      -1.1128e-004      -2.1504e-004       4.6613e-004      -2.5099e-005      -3.2322e-005      -3.4406e-005      -4.8271e-005      -6.4299e-005
2.250000e-003      -1.1452e-004      -2.0700e-004       4.8167e-004      -2.9480e-005      -3.3737e-005      -3.6419e-005      -5.0154e-005      -6.6487e-005
2.375000e-003      -1.1755e-004      -1.9832e-004       4.9568e-004      -3.3639e-005      -3.4941e-005      -3.8340e-005      -5.1954e-005      -6.8551e-005
2.500000e-003      -1.2038e-004      -1.8905e-004       5.0819e-004      -3.7575e-005      -3.5944e-005      -4.0162e-005      -5.3668e-005      -7.0487e-005
2.625000e-003      -1.2300e-004      -1.7923e-004       5.1919e-004      -4.1290e-005      -3.6752e-005      -4.1883e-005      -5.5291e-005      -7.2292e-005
2.750000e-003      -1.2539e-004      -1.6890e-004       5.2872e-004      -4.4783e-005      -3.7373e-005      -4.3499e-005      -5.6820e-005      -7.3964e-005
2.875000e-003      -1.2756e-004      -1.5810e-004       5.3678e-004      -4.8054e-005      -3.7815e-005      -4.5006e-005      -5.8252e-005      -7.5498e-005
3.000000e-003      -1.2950e-004      -1.4688e-004       5.4338e-004      -5.1104e-005      -3.8084e-005      -4.6401e-005      -5.9584e-005      -7.6893e-005
3.125000e-003      -1.3121e-004      -1.3526e-004       5.4856e-004      -5.3932e-005      -3.8187e-005      -4.7682e-005      -6.0814e-005      -7.8147e-005
3.250000e-003      -1.3268e-004      -1.2328e-004       5.5231e-004      -5.6540e-005      -3.8131e-005      -4.8846e-005      -6.1937e-005      -7.9256e-005
3.375000e-003      -1.3391e-004      -1.1099e-004       5.5467e-004      -5.8927e-005      -3.7923e-005      -4.9892e-005      -6.2954e-005      -8.0221e-005
3.500000e-003      -1.3490e-004      -9.8398e-005       5.5565e-004      -6.1096e-005      -3.7568e-005      -5.0819e-005      -6.3860e-005      -8.1038e-005
3.625000e-003      -1.3564e-004      -8.5556e-005       5.5528e-004      -6.3046e-005      -3.7073e-005      -5.1623e-005      -6.4655e-005      -8.1708e-005
3.750000e-003      -1.3613e-004      -7.2489e-005       5.5356e-004      -6.4779e-005      -3.6443e-005      -5.2306e-005      -6.5336e-005      -8.2228e-005
3.875000e-003      -1.3638e-004      -5.9229e-005       5.5053e-004      -6.6296e-005      -3.5685e-005      -5.2865e-005      -6.5902e-005      -8.2598e-005
4.000000e-003      -1.3638e-004      -4.5807e-005       5.4621e-004      -6.7599e-005      -3.4804e-005      -5.3301e-005      -6.6352e-005      -8.2818e-005
4.125000e-003      -1.3613e-004      -3.2252e-005       5.4062e-004      -6.8689e-005      -3.3805e-005      -5.3613e-005      -6.6686e-005      -8.2887e-005
4.250000e-003      -1.3563e-004      -1.8595e-005       5.3378e-004      -6.9568e-005      -3.2695e-005      -5.3801e-005      -6.6901e-005      -8.2805e-005
4.375000e-003      -1.3488e-004      -4.8622e-006       5.2573e-004      -7.0239e-005      -3.1479e-005      -5.3866e-005      -6.6997e-005      -8.2573e-005
4.500000e-003      -1.3388e-004       8.9169e-006       5.1650e-004      -7.0702e-005      -3.0162e-005      -5.3808e-005      -6.6975e-005      -8.2190e-005
4.625000e-003      -1.3264e-004       2.2715e-005       5.0610e-004      -7.0962e-005      -2.8750e-005      -5.3627e-005      -6.6834e-005      -8.1659e-005
4.750000e-003      -1.3115e-004       3.6505e-005       4.9457e-004      -7.1020e-005      -2.7248e-005      -5.3325e-005      -6.6574e-005      -8.0979e-005
4.875000e-003      -1.2942e-004       5.0261e-005       4.8195e-004      -7.0879e-005      -2.5661e-005      -5.2903e-005      -6.6195e-005      -8.0152e-005
5.000000e-003      -1.2745e-004       6.3956e-005       4.6826e-004      -7.0543e-005      -2.3995e-005      -5.2362e-005      -6.5698e-005      -7.9179e-005
5.125000e-003      -1.2525e-004       7.7565e-005       4.5353e-004      -7.0015e-005      -2.2254e-005      -5.1703e-005      -6.5083e-005      -7.8063e-005
5.250000e-003      -1.2281e-004       9.1063e-005       4.3781e-004      -6.9297e-005      -2.0443e-005      -5.0929e-005      -6.4352e-005      -7.6805e-005
5.375000e-003      -1.2014e-004       1.0443e-004       4.2112e-004      -6.8395e-005      -1.8569e-005      -5.0041e-005      -6.3505e-005      -7.5406e-005
5.500000e-003      -1.1725e-004       1.1763e-004       4.0351e-004      -6.7311e-005      -1.6635e-005      -4.9041e-005      -6.2544e-005      -7.3870e-005
5.625000e-003      -1.1414e-004       1.3065e-004       3.8500e-004      -6.6050e-005      -1.4647e-005      -4.7932e-005      -6.1469e-005      -7.2199e-005
5.750000e-003      -1.1082e-004       1.4346e-004       3.6564e-004      -6.4616e-005      -1.2610e-005      -4.6716e-005      -6.0284e-005      -7.0396e-005
5.875000e-003      -1.0728e-004       1.5605e-004       3.4547e-004      -6.3014e-005      -1.0528e-005      -4.5396e-005      -5.8989e-005      -6.8464e-005
6.000000e-003      -1.0354e-004       1.6839e-004       3.2452e-004      -6.1248e-005      -8.4067e-006      -4.3974e-005      -5.7587e-005      -6.6406e-005
6.125000e-003      -9.9606e-005       1.8045e-004       3.0284e-004      -5.9323e-005      -6.2510e-006      -4.2454e-005      -5.6080e-005      -6.4225e-005
6.250000e-003      -9.5478e-005       1.9223e-004       2.8047e-004      -5.7244e-005      -4.0654e-006      -4.0838e-005      -5.4469e-005      -6.1925e-005
6.375000e-003      -9.1166e-005       2.0369e-004       2.5745e-004      -5.5016e-005      -1.8548e-006      -3.9130e-005      -5.2759e-005      -5.9510e-005
6.500000e-003      -8.6676e-005       2.1482e-004       2.3383e-004      -5.2645e-005       3.7609e-007      -3.7332e-005      -5.0951e-005      -5.6984e-005
6.625000e-003      -8.2016e-005       2.2561e-004       2.0964e-004      -5.0136e-005       2.6227e-006      -3.5450e-005      -4.9048e-005      -5.4351e-005
6.750000e-003      -7.7193e-005       2.3602e-004       1.8493e-004      -4.7495e-005       4.8803e-006      -3.3485e-005      -4.7053e-005      -5.1614e-005
6.875000e-003      -7.2214e-005       2.4605e-004       1.5975e-004      -4.4727e-005       7.1443e-006      -3.1442e-005      -4.4970e-005      -4.8779e-005
7.000000e-003      -6.7089e-005       2.5568e-004       1.3414e-004      -4.1839e-005       9.4103e-006      -2.9324e-005      -4.2802e-005      -4.5851e-005
7.125000e-003      -6.1825e-005       2.6489e-004       1.0814e-004      -3.8837e-005       1.1674e-005      -2.7136e-005      -4.0551e-005      -4.2833e-005
7.250000e-003      -5.6430e-005       2.7367e-004       8.1812e-005      -3.5727e-005       1.3930e-005      -2.4881e-005      -3.8223e-005      -3.9730e-005
7.375000e-003      -5.0914e-005       2.8201e-004       5.5188e-005      -3.2514e-005       1.6176e-005      -2.2564e-005      -3.5819e-005      -3.6549e-005
7.500000e-003      -4.5285e-005       2.8988e-004       2.8320e-005      -2.9207e-005       1.8405e-005      -2.0189e-005      -3.3345e-005      -3.3293e-005
7.625000e-003      -3.9552e-005       2.9728e-004       1.2533e-006      -2.5811e-005       2.0615e-005      -1.7760e-005      -3.0804e-005      -2.9969e-005
7.750000e-003      -3.3725e-005       3.0419e-004      -2.5965e-005      -2.2332e-005       2.2802e-005      -1.5281e-005      -2.8200e-005      -2.6580e-005
7.875000e-003      -2.7813e-005       3.1061e-004      -5.3289e-005      -1.8779e-005       2.4960e-005      -1.2757e-005      -2.5538e-005      -2.3134e-005
8.000000e-003      -2.1824e-005       3.1652e-004      -8.0670e-005      -1.5157e-005       2.7086e-005      -1.0192e-005      -2.2820e-005      -1.9635e-005
8.125000e-003      -1.5770e-005       3.2191e-004      -1.0806e-004      -1.1473e-005       2.9177e-005      -7.5911e-006      -2.0053e-005      -1.6088e-005
8.250000e-003      -9.6590e-006       3.2678e-004      -1.3542e-004      -7.7343e-006       3.1228e-005      -4.9584e-006      -1.7240e-005      -1.2501e-005
8.375000e-003      -3.5015e-006       3.3111e-004      -1.6270e-004      -3.9480e-006       3.3236e-005      -2.2985e-006      -1.4385e-005      -8.8771e-006
8.500000e-003       2.6928e-006       3.3491e-004      -1.8985e-004      -1.2092e-007       3.5197e-005       3.8375e-007      -1.1493e-005      -5.2236e-006
8.625000e-003       8.9141e-006       3.3815e-004      -2.1683e-004       3.7398e-006       3.7108e-005       3.0839e-006      -8.5690e-006      -1.5460e-006
8.750000e-003       1.5152e-005       3.4085e-004      -2.4359e-004       7.6271e-006       3.8965e-005       5.7972e-006      -5.6172e-006       2.1499e-006
8.875000e-003       2.1397e-005       3.4299e-004      -2.7009e-004       1.1534e-005       4.0766e-005       8.5190e-006      -2.6423e-006       5.8582e-006
9.000000e-003       2.7640e-005       3.4457e-004      -2.9628e-004       1.5453e-005       4.2506e-005       1.1245e-005       3.5088e-007       9.5731e-006
9.125000e-003       3.3869e-005       3.4558e-004      -3.2212e-004       1.9378e-005       4.4183e-005       1.3969e-005       3.3577e-006       1.3289e-005
9.250000e-003       4.0075e-005       3.4604e-004      -3.4756e-004       2.3301e-005       4.5793e-005       1.6689e-005       6.3735e-006       1.6999e-005
9.375000e-003       4.6249e-005       3.4593e-004      -3.7258e-004       2.7215e-005       4.7335e-005       1.9398e-005       9.3934e-006       2.0698e-005
9.500000e-003       5.2380e-005       3.4525e-004      -3.9711e-004       3.1114e-005       4.8805e-005       2.2093e-005       1.2413e-005       2.4380e-005
9.625000e-003       5.8458e-005       3.4401e-004      -4.2112e-004       3.4990e-005       5.0201e-005       2.4768e-005       1.5427e-005       2.8039e-005
9.750000e-003       6.4475e-005       3.4221e-004      -4.4458e-004       3.8837e-005       5.1521e-005       2.7419e-005       1.8430e-005       3.1670e-005
9.875000e-003       7.0419e-005       3.3985e-004      -4.6744e-004       4.2648e-005       5.2761e-005       3.0043e-005       2.1419e-005       3.5266e-005
1.000000e-002       7.6283e-005       3.3693e-004      -4.8967e-004       4.6416e-005       5.3921e-005       3.2633e-005       2.4388e-005       3.8822e-005
1.012500e-002       8.2056e-005       3.3346e-004      -5.1123e-004       5.0134e-005       5.4997e-005       3.5186e-005       2.7333e-005       4.2333e-005
1.025000e-002       8.7729e-005       3.2945e-004      -5.3208e-004       5.3796e-005       5.5988e-005       3.7698e-005       3.0249e-005       4.5792e-005
1.037500e-002       9.3293e-005       3.2489e-004      -5.5219e-004       5.7396e-005       5.6893e-005       4.0165e-005       3.3132e-005       4.9195e-005
1.050000e-002       9.8740e-005       3.1981e-004      -5.7152e-004       6.0927e-005       5.7710e-005       4.2582e-005       3.5976e-005       5.2535e-005
1.062500e-002       1.0406e-004       3.1420e-004      -5.9005e-004       6.4383e-005       5.8436e-005       4.4944e-005       3.8778e-005       5.5808e-005
1.075000e-002       1.0925e-004       3.0807e-004      -6.0774e-004       6.7758e-005       5.9072e-005       4.7250e-005       4.1532e-005       5.9008e-005
1.087500e-002       1.1429e-004       3.0144e-004      -6.2457e-004       7.1047e-005       5.9616e-005       4.9493e-005       4.4236e-005       6.2131e-005
1.100000e-002       1.1918e-004       2.9431e-004      -6.4050e-004       7.4242e-005       6.0066e-005       5.1671e-005       4.6884e-005       6.5171e-005
1.112500e-002       1.2391e-004       2.8669e-004      -6.5551e-004       7.7340e-005       6.0423e-005       5.3780e-005       4.9472e-005       6.8124e-005
1.125000e-002       1.2848e-004       2.7861e-004      -6.6958e-004       8.0335e-005       6.0685e-005       5.5817e-005       5.1996e-005       7.0985e-005
1.137500e-002       1.3287e-004       2.7006e-004      -6.8267e-004       8.3220e-005       6.0852e-005       5.7777e-005       5.4452e-005       7.3749e-005
1.150000e-002       1.3708e-004       2.6107e-004      -6.9478e-004       8.5992e-005       6.0923e-005       5.9658e-005       5.6836e-005       7.6412e-005
1.162500e-002       1.4110e-004       2.5164e-004      -7.0588e-004       8.8645e-005       6.0898e-005       6.1457e-005       5.9145e-005       7.8970e-005
1.175000e-002       1.4493e-004       2.4179e-004      -7.1594e-004       9.1175e-005       6.0778e-005       6.3170e-005       6.1375e-005       8.1418e-005
1.187500e-002       1.4856e-004       2.3154e-004      -7.2497e-004       9.3577e-005       6.0562e-005       6.4794e-005       6.3522e-005       8.3754e-005
1.200000e-002       1.5198e-004       2.2091e-004      -7.3292e-004       9.5848e-005       6.0250e-005       6.6328e-005       6.5583e-005       8.5972e-005
1.212500e-002       1.5519e-004       2.0990e-004      -7.3981e-004       9.7982e-005       5.9843e-005       6.7767e-005       6.7554e-005       8.8070e-005
1.225000e-002       1.5818e-004       1.9854e-004      -7.4560e-004       9.9977e-005       5.9342e-005       6.9111e-005       6.9433e-005       9.0045e-005
1.237500e-002       1.6095e-004       1.8684e-004      -7.5030e-004       1.0183e-004       5.8747e-005       7.0356e-005       7.1216e-005       9.1892e-005
1.250000e-002       1.6350e-004       1.7483e-004      -7.5389e-004       1.0353e-004       5.8058e-005       7.1500e-005       7.2901e-005       9.3610e-005
1.262500e-002       1.6581e-004       1.6251e-004      -7.5637e-004       1.0509e-004       5.7278e-005       7.2542e-005       7.4485e-005       9.5195e-005
1.275000e-002       1.6789e-004       1.4992e-004      -7.5773e-004       1.0649e-004       5.6407e-005       7.3479e-005       7.5966e-005       9.6645e-005
1.287500e-002       1.6974e-004       1.3707e-004      -7.5797e-004       1.0774e-004       5.5446e-005       7.4310e-005       7.7340e-005       9.7958e-005
1.300000e-002       1.7134e-004       1.2397e-004      -7.5708e-004       1.0883e-004       5.4397e-005       7.5034e-005       7.8606e-005       9.9131e-005
1.312500e-002       1.7270e-004       1.1066e-004      -7.5508e-004       1.0976e-004       5.3262e-005       7.5649e-005       7.9762e-005       1.0016e-004
1.325000e-002       1.7381e-004       9.7146e-005      -7.5195e-004       1.1053e-004       5.2041e-005       7.6153e-005       8.0806e-005       1.0105e-004
1.337500e-002       1.7468e-004       8.3456e-005      -7.4771e-004       1.1114e-004       5.0738e-005       7.6547e-005       8.1737e-005       1.0179e-004
1.350000e-002       1.7529e-004       6.9609e-005      -7.4235e-004       1.1158e-004       4.9353e-005       7.6829e-005       8.2552e-005       1.0239e-004
1.362500e-002       1.7566e-004       5.5626e-005      -7.3589e-004       1.1185e-004       4.7890e-005       7.6999e-005       8.3250e-005       1.0284e-004
1.375000e-002       1.7577e-004       4.1530e-005      -7.2834e-004       1.1197e-004       4.6349e-005       7.7056e-005       8.3831e-005       1.0315e-004
1.387500e-002       1.7564e-004       2.7343e-005      -7.1970e-004       1.1191e-004       4.4735e-005       7.7000e-005       8.4293e-005       1.0330e-004
1.400000e-002       1.7525e-004       1.3086e-005      -7.0999e-004       1.1169e-004       4.3048e-005       7.6831e-005       8.4635e-005       1.0331e-004
1.412500e-002       1.7461e-004      -1.2175e-006      -6.9922e-004       1.1130e-004       4.1292e-005       7.6549e-005       8.4858e-005       1.0317e-004
1.425000e-002       1.7372e-004      -1.5546e-005      -6.8741e-004       1.1074e-004       3.9469e-005       7.6155e-005       8.4959e-005       1.0288e-004
1.437500e-002       1.7258e-004      -2.9878e-005      -6.7458e-004       1.1002e-004       3.7582e-005       7.5648e-005       8.4940e-005       1.0244e-004
1.450000e-002       1.7119e-004      -4.4189e-005      -6.6074e-004       1.0913e-004       3.5634e-005       7.5030e-005       8.4801e-005       1.0185e-004
1.462500e-002       1.6956e-004      -5.8459e-005      -6.4591e-004       1.0808e-004       3.3628e-005       7.4301e-005       8.4540e-005       1.0112e-004
1.475000e-002       1.6768e-004      -7.2665e-005      -6.3012e-004       1.0687e-004       3.1567e-005       7.3462e-005       8.4159e-005       1.0024e-004
1.487500e-002       1.6557e-004      -8.6784e-005      -6.1340e-004       1.0549e-004       2.9454e-005       7.2515e-005       8.3658e-005       9.9217e-005
1.500000e-002       1.6321e-004      -1.0080e-004      -5.9576e-004       1.0396e-004       2.7293e-005       7.1461e-005       8.3039e-005       9.8051e-005
1.512500e-002       1.6063e-004      -1.1468e-004      -5.7723e-004       1.0227e-004       2.5086e-005       7.0301e-005       8.2300e-005       9.6744e-005
1.525000e-002       1.5781e-004      -1.2841e-004      -5.5784e-004       1.0042e-004       2.2837e-005       6.9036e-005       8.1445e-005       9.5298e-005
1.537500e-002       1.5477e-004      -1.4196e-004      -5.3763e-004       9.8425e-005       2.0550e-005       6.7670e-005       8.0474e-005       9.3715e-005
1.550000e-002       1.5150e-004      -1.5532e-004      -5.1661e-004       9.6278e-005       1.8228e-005       6.6204e-005       7.9388e-005       9.1997e-005
1.562500e-002       1.4802e-004      -1.6847e-004      -4.9482e-004       9.3985e-005       1.5875e-005       6.4639e-005       7.8189e-005       9.0147e-005
1.575000e-002       1.4432e-004      -1.8138e-004      -4.7230e-004       9.1548e-005       1.3494e-005       6.2979e-005       7.6879e-005       8.8168e-005
1.587500e-002       1.4042e-004      -1.9404e-004      -4.4908e-004       8.8972e-005       1.1089e-005       6.1226e-005       7.5460e-005       8.6063e-005
1.600000e-002       1.3633e-004      -2.0642e-004      -4.2520e-004       8.6261e-005       8.6638e-006       5.9382e-005       7.3934e-005       8.3834e-005
1.612500e-002       1.3203e-004      -2.1850e-004      -4.0068e-004       8.3418e-005       6.2217e-006       5.7450e-005       7.2303e-005       8.1486e-005
1.625000e-002       1.2755e-004      -2.3027e-004      -3.7557e-004       8.0447e-005       3.7668e-006       5.5433e-005       7.0570e-005       7.9022e-005
1.637500e-002       1.2289e-004      -2.4171e-004      -3.4991e-004       7.7354e-005       1.3029e-006       5.3334e-005       6.8737e-005       7.6445e-005
1.650000e-002       1.1805e-004      -2.5280e-004      -3.2374e-004       7.4142e-005      -1.1664e-006       5.1156e-005       6.6808e-005       7.3759e-005
1.662500e-002       1.1305e-004      -2.6353e-004      -2.9708e-004       7.0816e-005      -3.6371e-006       4.8903e-005       6.4784e-005       7.0969e-005
1.675000e-002       1.0789e-004      -2.7387e-004      -2.7000e-004       6.7381e-005      -6.1055e-006       4.6578e-005       6.2669e-005       6.8079e-005
1.687500e-002       1.0258e-004      -2.8381e-004      -2.4252e-004       6.3843e-005      -8.5678e-006       4.4184e-005       6.0466e-005       6.5092e-005
1.700000e-002       9.7127e-005      -2.9333e-004      -2.1469e-004       6.0207e-005      -1.1020e-005       4.1725e-005       5.8179e-005       6.2015e-005
1.712500e-002       9.1538e-005      -3.0242e-004      -1.8656e-004       5.6477e-005      -1.3459e-005       3.9205e-005       5.5811e-005       5.8851e-005
1.725000e-002       8.5823e-005      -3.1107e-004      -1.5816e-004       5.2661e-005      -1.5880e-005       3.6627e-005       5.3365e-005       5.5605e-005
1.737500e-002       7.9991e-005      -3.1926e-004      -1.2953e-004       4.8762e-005      -1.8280e-005       3.3996e-005       5.0846e-005       5.2282e-005
1.750000e-002       7.4050e-005      -3.2698e-004      -1.0073e-004       4.4788e-005      -2.0655e-005       3.1315e-005       4.8257e-005       4.8887e-005
1.762500e-002       6.8009e-005      -3.3422e-004      -7.1793e-005       4.0745e-005      -2.3001e-005       2.8589e-005       4.5602e-005       4.5426e-005
1.775000e-002       6.1878e-005      -3.4096e-004      -4.2766e-005       3.6637e-005      -2.5315e-005       2.5821e-005       4.2885e-005       4.1904e-005
1.787500e-002       5.5665e-005      -3.4720e-004      -1.3694e-005       3.2473e-005      -2.7594e-005       2.3016e-005       4.0110e-005       3.8325e-005
1.800000e-002       4.9381e-005      -3.5292e-004       1.5379e-005       2.8257e-005      -2.9833e-005       2.0178e-005       3.7282e-005       3.4696e-005
1.812500e-002       4.3035e-005      -3.5812e-004       4.4409e-005       2.3996e-005      -3.2029e-005       1.7312e-005       3.4404e-005       3.1022e-005
1.825000e-002       3.6636e-005      -3.6278e-004       7.3351e-005       1.9697e-005      -3.4180e-005       1.4422e-005       3.1482e-005       2.7309e-005
1.837500e-002       3.0195e-005      -3.6691e-004       1.0216e-004       1.5367e-005      -3.6280e-005       1.1511e-005       2.8519e-005       2.3562e-005
1.850000e-002       2.3720e-005      -3.7049e-004       1.3080e-004       1.1011e-005      -3.8328e-005       8.5857e-006       2.5520e-005       1.9787e-005
1.862500e-002       1.7223e-005      -3.7352e-004       1.5921e-004       6.6362e-006      -4.0321e-005       5.6492e-006       2.2490e-005       1.5990e-005
1.875000e-002       1.0713e-005      -3.7599e-004       1.8736e-004       2.2496e-006      -4.2254e-005       2.7063e-006       1.9433e-005       1.2176e-005
1.887500e-002       4.1988e-006      -3.7790e-004       2.1520e-004      -2.1423e-006      -4.4125e-005      -2.3858e-007       1.6354e-005       8.3517e-006
1.900000e-002      -2.3083e-006      -3.7925e-004       2.4270e-004      -6.5329e-006      -4.5932e-005      -3.1809e-006       1.3258e-005       4.5228e-006
1.912500e-002      -8.7989e-006      -3.8003e-004       2.6980e-004      -1.0916e-005      -4.7670e-005      -6.1161e-006       1.0149e-005       6.9507e-007
1.925000e-002      -1.5263e-005      -3.8024e-004       2.9647e-004      -1.5283e-005      -4.9339e-005      -9.0398e-006       7.0320e-006      -3.1257e-006
1.937500e-002      -2.1691e-005      -3.7989e-004       3.2267e-004      -1.9630e-005      -5.0935e-005      -1.1947e-005       3.9120e-006      -6.9337e-006
1.950000e-002      -2.8072e-005      -3.7897e-004       3.4835e-004      -2.3949e-005      -5.2455e-005      -1.4835e-005       7.9353e-007      -1.0723e-005
1.962500e-002      -3.4398e-005      -3.7748e-004       3.7348e-004      -2.8233e-005      -5.3897e-005      -1.7697e-005      -2.3186e-006      -1.4488e-005
1.975000e-002      -4.0658e-005      -3.7543e-004       3.9802e-004      -3.2476e-005      -5.5260e-005      -2.0530e-005      -5.4196e-006      -1.8223e-005
1.987500e-002      -4.6829e-005      -3.7272e-004       4.2181e-004      -3.6663e-005      -5.6526e-005      -2.3323e-005      -8.5013e-006      -2.1914e-005
2.000000e-002      -5.2973e-005      -3.6983e-004       4.4539e-004      -4.0833e-005      -5.7765e-005      -2.6104e-005      -1.1577e-005      -2.5593e-005
