i    Time
0.000000e+000      -2.6173e-005      -4.4288e-005      -5.9926e-005       3.8303e-005       2.7277e-005       7.2506e-006       3.1151e-006       6.8066e-006
1.250000e-004      -3.2435e-005      -7.4683e-005      -1.5337e-005       3.2187e-005       2.1560e-005       5.4874e-006      -5.9848e-007       1.7585e-006
2.500000e-004      -3.8641e-005      -1.0364e-004       2.8497e-005       2.6149e-005       1.5975e-005       3.6766e-006      -4.2653e-006      -3.2304e-006
3.750000e-004      -4.4652e-005      -1.2789e-004       6.9762e-005       2.0376e-005       1.0839e-005       1.7147e-006      -7.7780e-006      -8.0208e-006
5.000000e-004      -5.0504e-005      -1.4856e-004       1.0894e-004       1.4825e-005       6.0645e-006      -3.5297e-007      -1.1172e-005      -1.2653e-005
6.250000e-004      -5.6197e-005      -1.6603e-004       1.4612e-004       9.4926e-006       1.6327e-006      -2.5072e-006      -1.4458e-005      -1.7137e-005
7.500000e-004      -6.1734e-005      -1.8061e-004       1.8136e-004       4.3740e-006      -2.4736e-006      -4.7302e-006      -1.7642e-005      -2.1478e-005
8.750000e-004      -6.7113e-005      -1.9258e-004       2.1475e-004      -5.3330e-007      -6.2702e-006      -7.0056e-006      -2.0730e-005      -2.5682e-005
1.000000e-003      -7.2333e-005      -2.0220e-004       2.4633e-004      -5.2316e-006      -9.7718e-006      -9.3179e-006      -2.3726e-005      -2.9752e-005
1.125000e-003      -7.7390e-005      -2.0968e-004       2.7615e-004      -9.7229e-006      -1.2992e-005      -1.1653e-005      -2.6634e-005      -3.3690e-005
1.250000e-003      -8.2281e-005      -2.1523e-004       3.0426e-004      -1.4009e-005      -1.5944e-005      -1.3998e-005      -2.9455e-005      -3.7499e-005
1.375000e-003      -8.7002e-005      -2.1902e-004       3.3070e-004      -1.8090e-005      -1.8639e-005      -1.6341e-005      -3.2190e-005      -4.1179e-005
1.500000e-003      -9.1547e-005      -2.2122e-004       3.5549e-004      -2.1968e-005      -2.1088e-005      -1.8669e-005      -3.4840e-005      -4.4729e-005
1.625000e-003      -9.5912e-005      -2.2196e-004       3.7866e-004      -2.5644e-005      -2.3302e-005      -2.0974e-005      -3.7405e-005      -4.8150e-005
1.750000e-003      -1.0009e-004      -2.2137e-004       4.0026e-004      -2.9118e-005      -2.5290e-005      -2.3245e-005      -3.9883e-005      -5.1441e-005
1.875000e-003      -1.0408e-004      -2.1956e-004       4.2028e-004      -3.2391e-005      -2.7061e-005      -2.5474e-005      -4.2273e-005      -5.4599e-005
2.000000e-003      -1.0787e-004      -2.1665e-004       4.3877e-004      -3.5464e-005      -2.8624e-005      -2.7651e-005      -4.4574e-005      -5.7624e-005
2.125000e-003      -1.1146e-004      -2.1272e-004       4.5573e-004      -3.8336e-005      -2.9988e-005      -2.9770e-005      -4.6784e-005      -6.0513e-005
2.250000e-003      -1.1484e-004      -2.0786e-004       4.7119e-004      -4.1010e-005      -3.1159e-005      -3.1824e-005      -4.8901e-005      -6.3264e-005
2.375000e-003      -1.1801e-004      -2.0214e-004       4.8517e-004      -4.3485e-005      -3.2145e-005      -3.3806e-005      -5.0923e-005      -6.5876e-005
2.500000e-003      -1.2096e-004      -1.9564e-004       4.9767e-004      -4.5761e-005      -3.2954e-005      -3.5710e-005      -5.2848e-005      -6.8347e-005
2.625000e-003      -1.2369e-004      -1.8842e-004       5.0872e-004      -4.7841e-005      -3.3591e-005      -3.7532e-005      -5.4673e-005      -7.0673e-005
2.750000e-003      -1.2619e-004      -1.8054e-004       5.1833e-004      -4.9724e-005      -3.4064e-005      -3.9265e-005      -5.6396e-005      -7.2853e-005
2.875000e-003      -1.2846e-004      -1.7205e-004       5.2652e-004      -5.1412e-005      -3.4378e-005      -4.0906e-005      -5.8015e-005      -7.4885e-005
3.000000e-003      -1.3049e-004      -1.6302e-004       5.3330e-004      -5.2906e-005      -3.4540e-005      -4.2450e-005      -5.9528e-005      -7.6766e-005
3.125000e-003      -1.3229e-004      -1.5347e-004       5.3870e-004      -5.4207e-005      -3.4555e-005      -4.3895e-005      -6.0933e-005      -7.8496e-005
3.250000e-003      -1.3384e-004      -1.4347e-004       5.4271e-004      -5.5316e-005      -3.4430e-005      -4.5236e-005      -6.2227e-005      -8.0072e-005
3.375000e-003      -1.3515e-004      -1.3304e-004       5.4538e-004      -5.6236e-005      -3.4169e-005      -4.6471e-005      -6.3409e-005      -8.1492e-005
3.500000e-003      -1.3621e-004      -1.2224e-004       5.4670e-004      -5.6967e-005      -3.3778e-005      -4.7596e-005      -6.4477e-005      -8.2755e-005
3.625000e-003      -1.3703e-004      -1.1110e-004       5.4670e-004      -5.7512e-005      -3.3262e-005      -4.8611e-005      -6.5430e-005      -8.3860e-005
3.750000e-003      -1.3759e-004      -9.9654e-005       5.4540e-004      -5.7873e-005      -3.2627e-005      -4.9513e-005      -6.6265e-005      -8.4806e-005
3.875000e-003      -1.3790e-004      -8.7937e-005       5.4282e-004      -5.8052e-005      -3.1878e-005      -5.0301e-005      -6.6983e-005      -8.5591e-005
4.000000e-003      -1.3796e-004      -7.5983e-005       5.3899e-004      -5.8051e-005      -3.1019e-005      -5.0973e-005      -6.7580e-005      -8.6216e-005
4.125000e-003      -1.3777e-004      -6.3823e-005       5.3391e-004      -5.7874e-005      -3.0055e-005      -5.1527e-005      -6.8057e-005      -8.6679e-005
4.250000e-003      -1.3732e-004      -5.1488e-005       5.2763e-004      -5.7523e-005      -2.8992e-005      -5.1964e-005      -6.8413e-005      -8.6981e-005
4.375000e-003      -1.3663e-004      -3.9008e-005       5.2015e-004      -5.7001e-005      -2.7835e-005      -5.2283e-005      -6.8647e-005      -8.7121e-005
4.500000e-003      -1.3568e-004      -2.6412e-005       5.1151e-004      -5.6312e-005      -2.6587e-005      -5.2484e-005      -6.8759e-005      -8.7100e-005
4.625000e-003      -1.3448e-004      -1.3727e-005       5.0174e-004      -5.5458e-005      -2.5254e-005      -5.2566e-005      -6.8749e-005      -8.6918e-005
4.750000e-003      -1.3304e-004      -9.8032e-007       4.9085e-004      -5.4443e-005      -2.3841e-005      -5.2530e-005      -6.8616e-005      -8.6576e-005
4.875000e-003      -1.3135e-004       1.1801e-005       4.7889e-004      -5.3271e-005      -2.2351e-005      -5.2376e-005      -6.8360e-005      -8.6075e-005
5.000000e-003      -1.2942e-004       2.4591e-005       4.6587e-004      -5.1947e-005      -2.0791e-005      -5.2106e-005      -6.7983e-005      -8.5415e-005
5.125000e-003      -1.2725e-004       3.7365e-005       4.5184e-004      -5.0473e-005      -1.9164e-005      -5.1719e-005      -6.7485e-005      -8.4599e-005
5.250000e-003      -1.2485e-004       5.0099e-005       4.3682e-004      -4.8855e-005      -1.7475e-005      -5.1217e-005      -6.6865e-005      -8.3627e-005
5.375000e-003      -1.2221e-004       6.2767e-005       4.2084e-004      -4.7096e-005      -1.5729e-005      -5.0602e-005      -6.6126e-005      -8.2503e-005
5.500000e-003      -1.1935e-004       7.5347e-005       4.0395e-004      -4.5202e-005      -1.3930e-005      -4.9874e-005      -6.5269e-005      -8.1227e-005
5.625000e-003      -1.1626e-004       8.7816e-005       3.8617e-004      -4.3178e-005      -1.2083e-005      -4.9036e-005      -6.4295e-005      -7.9802e-005
5.750000e-003      -1.1295e-004       1.0015e-004       3.6754e-004      -4.1027e-005      -1.0192e-005      -4.8090e-005      -6.3205e-005      -7.8230e-005
5.875000e-003      -1.0943e-004       1.1233e-004       3.4811e-004      -3.8755e-005      -8.2621e-006      -4.7037e-005      -6.2001e-005      -7.6515e-005
6.000000e-003      -1.0571e-004       1.2433e-004       3.2790e-004      -3.6368e-005      -6.2971e-006      -4.5879e-005      -6.0684e-005      -7.4659e-005
6.125000e-003      -1.0178e-004       1.3614e-004       3.0695e-004      -3.3870e-005      -4.3016e-006      -4.4620e-005      -5.9259e-005      -7.2666e-005
6.250000e-003      -9.7662e-005       1.4772e-004       2.8532e-004      -3.1268e-005      -2.2800e-006      -4.3261e-005      -5.7725e-005      -7.0538e-005
6.375000e-003      -9.3353e-005       1.5907e-004       2.6303e-004      -2.8566e-005      -2.3679e-007      -4.1806e-005      -5.6086e-005      -6.8280e-005
6.500000e-003      -8.8863e-005       1.7016e-004       2.4012e-004      -2.5771e-005       1.8238e-006      -4.0257e-005      -5.4345e-005      -6.5895e-005
6.625000e-003      -8.4199e-005       1.8097e-004       2.1665e-004      -2.2888e-005       3.8975e-006      -3.8618e-005      -5.2503e-005      -6.3387e-005
6.750000e-003      -7.9369e-005       1.9149e-004       1.9264e-004      -1.9923e-005       5.9801e-006      -3.6891e-005      -5.0565e-005      -6.0761e-005
6.875000e-003      -7.4380e-005       2.0169e-004       1.6816e-004      -1.6882e-005       8.0673e-006      -3.5080e-005      -4.8532e-005      -5.8020e-005
7.000000e-003      -6.9241e-005       2.1157e-004       1.4323e-004      -1.3771e-005       1.0155e-005      -3.3187e-005      -4.6409e-005      -5.5169e-005
7.125000e-003      -6.3960e-005       2.2110e-004       1.1790e-004      -1.0596e-005       1.2239e-005      -3.1218e-005      -4.4199e-005      -5.2213e-005
7.250000e-003      -5.8545e-005       2.3027e-004       9.2224e-005      -7.3642e-006       1.4316e-005      -2.9175e-005      -4.1905e-005      -4.9157e-005
7.375000e-003      -5.3005e-005       2.3907e-004       6.6238e-005      -4.0806e-006       1.6381e-005      -2.7061e-005      -3.9530e-005      -4.6005e-005
7.500000e-003      -4.7349e-005       2.4747e-004       3.9989e-005      -7.5199e-007       1.8430e-005      -2.4882e-005      -3.7079e-005      -4.2763e-005
7.625000e-003      -4.1586e-005       2.5547e-004       1.3523e-005       2.6153e-006       2.0460e-005      -2.2641e-005      -3.4556e-005      -3.9436e-005
7.750000e-003      -3.5725e-005       2.6305e-004      -1.3115e-005       6.0150e-006       2.2467e-005      -2.0341e-005      -3.1964e-005      -3.6029e-005
7.875000e-003      -2.9775e-005       2.7021e-004      -3.9879e-005       9.4407e-006       2.4446e-005      -1.7988e-005      -2.9307e-005      -3.2548e-005
8.000000e-003      -2.3747e-005       2.7692e-004      -6.6723e-005       1.2886e-005       2.6396e-005      -1.5584e-005      -2.6590e-005      -2.8998e-005
8.125000e-003      -1.7650e-005       2.8318e-004      -9.3603e-005       1.6345e-005       2.8311e-005      -1.3135e-005      -2.3817e-005      -2.5386e-005
8.250000e-003      -1.1493e-005       2.8898e-004      -1.2047e-004       1.9810e-005       3.0188e-005      -1.0645e-005      -2.0993e-005      -2.1716e-005
8.375000e-003      -5.2868e-006       2.9430e-004      -1.4729e-004       2.3276e-005       3.2025e-005      -8.1174e-006      -1.8121e-005      -1.7996e-005
8.500000e-003       9.5925e-007       2.9915e-004      -1.7400e-004       2.6736e-005       3.3817e-005      -5.5576e-006      -1.5207e-005      -1.4230e-005
8.625000e-003       7.2350e-006       3.0351e-004      -2.0056e-004       3.0183e-005       3.5561e-005      -2.9698e-006      -1.2255e-005      -1.0424e-005
8.750000e-003       1.3530e-005       3.0737e-004      -2.2694e-004       3.3613e-005       3.7255e-005      -3.5833e-007      -9.2689e-006      -6.5863e-006
8.875000e-003       1.9836e-005       3.1073e-004      -2.5308e-004       3.7018e-005       3.8895e-005       2.2722e-006      -6.2547e-006      -2.7210e-006
9.000000e-003       2.6140e-005       3.1359e-004      -2.7894e-004       4.0392e-005       4.0479e-005       4.9173e-006      -3.2165e-006       1.1651e-006
9.125000e-003       3.2434e-005       3.1593e-004      -3.0449e-004       4.3729e-005       4.2003e-005       7.5723e-006      -1.5925e-007       5.0658e-006
9.250000e-003       3.8708e-005       3.1776e-004      -3.2966e-004       4.7023e-005       4.3465e-005       1.0233e-005       2.9123e-006       8.9750e-006
9.375000e-003       4.4951e-005       3.1907e-004      -3.5444e-004       5.0269e-005       4.4863e-005       1.2894e-005       5.9932e-006       1.2886e-005
9.500000e-003       5.1153e-005       3.1986e-004      -3.7876e-004       5.3460e-005       4.6193e-005       1.5552e-005       9.0788e-006       1.6794e-005
9.625000e-003       5.7305e-005       3.2013e-004      -4.0260e-004       5.6591e-005       4.7454e-005       1.8202e-005       1.2164e-005       2.0691e-005
9.750000e-003       6.3397e-005       3.1988e-004      -4.2592e-004       5.9656e-005       4.8643e-005       2.0839e-005       1.5244e-005       2.4572e-005
9.875000e-003       6.9419e-005       3.1910e-004      -4.4867e-004       6.2650e-005       4.9758e-005       2.3459e-005       1.8314e-005       2.8430e-005
1.000000e-002       7.5361e-005       3.1781e-004      -4.7081e-004       6.5567e-005       5.0797e-005       2.6057e-005       2.1369e-005       3.2259e-005
1.012500e-002       8.1215e-005       3.1600e-004      -4.9232e-004       6.8403e-005       5.1759e-005       2.8630e-005       2.4405e-005       3.6054e-005
1.025000e-002       8.6970e-005       3.1367e-004      -5.1315e-004       7.1151e-005       5.2642e-005       3.1172e-005       2.7416e-005       3.9808e-005
1.037500e-002       9.2617e-005       3.1082e-004      -5.3328e-004       7.3808e-005       5.3444e-005       3.3680e-005       3.0398e-005       4.3516e-005
1.050000e-002       9.8148e-005       3.0747e-004      -5.5266e-004       7.6368e-005       5.4163e-005       3.6149e-005       3.3346e-005       4.7170e-005
1.062500e-002       1.0355e-004       3.0362e-004      -5.7127e-004       7.8828e-005       5.4799e-005       3.8575e-005       3.6255e-005       5.0767e-005
1.075000e-002       1.0883e-004       2.9927e-004      -5.8907e-004       8.1182e-005       5.5350e-005       4.0954e-005       3.9122e-005       5.4299e-005
1.087500e-002       1.1395e-004       2.9443e-004      -6.0604e-004       8.3426e-005       5.5815e-005       4.3282e-005       4.1940e-005       5.7762e-005
1.100000e-002       1.1893e-004       2.8911e-004      -6.2215e-004       8.5556e-005       5.6194e-005       4.5556e-005       4.4707e-005       6.1149e-005
1.112500e-002       1.2375e-004       2.8331e-004      -6.3736e-004       8.7569e-005       5.6485e-005       4.7770e-005       4.7417e-005       6.4456e-005
1.125000e-002       1.2841e-004       2.7705e-004      -6.5167e-004       8.9460e-005       5.6688e-005       4.9922e-005       5.0067e-005       6.7677e-005
1.137500e-002       1.3289e-004       2.7033e-004      -6.6503e-004       9.1227e-005       5.6803e-005       5.2008e-005       5.2651e-005       7.0807e-005
1.150000e-002       1.3719e-004       2.6317e-004      -6.7743e-004       9.2866e-005       5.6829e-005       5.4024e-005       5.5167e-005       7.3842e-005
1.162500e-002       1.4130e-004       2.5557e-004      -6.8886e-004       9.4374e-005       5.6766e-005       5.5968e-005       5.7609e-005       7.6776e-005
1.175000e-002       1.4521e-004       2.4755e-004      -6.9928e-004       9.5748e-005       5.6614e-005       5.7835e-005       5.9975e-005       7.9604e-005
1.187500e-002       1.4893e-004       2.3912e-004      -7.0868e-004       9.6986e-005       5.6373e-005       5.9623e-005       6.2260e-005       8.2323e-005
1.200000e-002       1.5244e-004       2.3029e-004      -7.1705e-004       9.8085e-005       5.6044e-005       6.1329e-005       6.4461e-005       8.4928e-005
1.212500e-002       1.5574e-004       2.2109e-004      -7.2438e-004       9.9043e-005       5.5627e-005       6.2949e-005       6.6575e-005       8.7414e-005
1.225000e-002       1.5882e-004       2.1151e-004      -7.3064e-004       9.9858e-005       5.5122e-005       6.4481e-005       6.8597e-005       8.9778e-005
1.237500e-002       1.6167e-004       2.0158e-004      -7.3582e-004       1.0053e-004       5.4530e-005       6.5923e-005       7.0525e-005       9.2017e-005
1.250000e-002       1.6430e-004       1.9131e-004      -7.3993e-004       1.0105e-004       5.3852e-005       6.7272e-005       7.2356e-005       9.4125e-005
1.262500e-002       1.6670e-004       1.8071e-004      -7.4295e-004       1.0143e-004       5.3089e-005       6.8525e-005       7.4086e-005       9.6101e-005
1.275000e-002       1.6887e-004       1.6981e-004      -7.4487e-004       1.0166e-004       5.2242e-005       6.9681e-005       7.5714e-005       9.7941e-005
1.287500e-002       1.7079e-004       1.5863e-004      -7.4569e-004       1.0174e-004       5.1313e-005       7.0737e-005       7.7236e-005       9.9642e-005
1.300000e-002       1.7247e-004       1.4717e-004      -7.4542e-004       1.0167e-004       5.0302e-005       7.1692e-005       7.8651e-005       1.0120e-004
1.312500e-002       1.7391e-004       1.3545e-004      -7.4404e-004       1.0145e-004       4.9211e-005       7.2544e-005       7.9955e-005       1.0262e-004
1.325000e-002       1.7510e-004       1.2351e-004      -7.4155e-004       1.0109e-004       4.8041e-005       7.3291e-005       8.1146e-005       1.0388e-004
1.337500e-002       1.7603e-004       1.1134e-004      -7.3797e-004       1.0057e-004       4.6796e-005       7.3933e-005       8.2224e-005       1.0500e-004
1.350000e-002       1.7672e-004       9.8976e-005      -7.3330e-004       9.9901e-005       4.5475e-005       7.4468e-005       8.3185e-005       1.0597e-004
1.362500e-002       1.7716e-004       8.6434e-005      -7.2754e-004       9.9086e-005       4.4082e-005       7.4894e-005       8.4029e-005       1.0679e-004
1.375000e-002       1.7734e-004       7.3732e-005      -7.2070e-004       9.8124e-005       4.2619e-005       7.5212e-005       8.4754e-005       1.0746e-004
1.387500e-002       1.7727e-004       6.0891e-005      -7.1278e-004       9.7016e-005       4.1087e-005       7.5420e-005       8.5359e-005       1.0796e-004
1.400000e-002       1.7694e-004       4.7930e-005      -7.0381e-004       9.5763e-005       3.9489e-005       7.5518e-005       8.5842e-005       1.0832e-004
1.412500e-002       1.7636e-004       3.4869e-005      -6.9379e-004       9.4366e-005       3.7828e-005       7.5506e-005       8.6204e-005       1.0852e-004
1.425000e-002       1.7553e-004       2.1729e-005      -6.8275e-004       9.2829e-005       3.6105e-005       7.5383e-005       8.6443e-005       1.0856e-004
1.437500e-002       1.7445e-004       8.5311e-006      -6.7068e-004       9.1152e-005       3.4324e-005       7.5150e-005       8.6559e-005       1.0844e-004
1.450000e-002       1.7311e-004      -4.7055e-006      -6.5762e-004       8.9339e-005       3.2488e-005       7.4807e-005       8.6552e-005       1.0817e-004
1.462500e-002       1.7153e-004      -1.7960e-005      -6.4358e-004       8.7391e-005       3.0598e-005       7.4353e-005       8.6422e-005       1.0775e-004
1.475000e-002       1.6970e-004      -3.1211e-005      -6.2858e-004       8.5312e-005       2.8658e-005       7.3791e-005       8.6168e-005       1.0716e-004
1.487500e-002       1.6763e-004      -4.4438e-005      -6.1265e-004       8.3104e-005       2.6672e-005       7.3120e-005       8.5791e-005       1.0643e-004
1.500000e-002       1.6531e-004      -5.7622e-005      -5.9581e-004       8.0770e-005       2.4641e-005       7.2341e-005       8.5292e-005       1.0554e-004
1.512500e-002       1.6276e-004      -7.0740e-005      -5.7808e-004       7.8315e-005       2.2569e-005       7.1456e-005       8.4672e-005       1.0449e-004
1.525000e-002       1.5998e-004      -8.3774e-005      -5.5949e-004       7.5741e-005       2.0460e-005       7.0466e-005       8.3930e-005       1.0330e-004
1.537500e-002       1.5697e-004      -9.6702e-005      -5.4007e-004       7.3052e-005       1.8316e-005       6.9372e-005       8.3069e-005       1.0195e-004
1.550000e-002       1.5373e-004      -1.0950e-004      -5.1985e-004       7.0253e-005       1.6141e-005       6.8175e-005       8.2089e-005       1.0046e-004
1.562500e-002       1.5027e-004      -1.2216e-004      -4.9885e-004       6.7347e-005       1.3938e-005       6.6878e-005       8.0992e-005       9.8829e-005
1.575000e-002       1.4660e-004      -1.3465e-004      -4.7712e-004       6.4338e-005       1.1710e-005       6.5482e-005       7.9780e-005       9.7052e-005
1.587500e-002       1.4271e-004      -1.4696e-004      -4.5468e-004       6.1231e-005       9.4615e-006       6.3989e-005       7.8454e-005       9.5134e-005
1.600000e-002       1.3863e-004      -1.5906e-004      -4.3157e-004       5.8031e-005       7.1952e-006       6.2402e-005       7.7017e-005       9.3080e-005
1.612500e-002       1.3434e-004      -1.7095e-004      -4.0782e-004       5.4743e-005       4.9148e-006       6.0723e-005       7.5470e-005       9.0892e-005
1.625000e-002       1.2987e-004      -1.8259e-004      -3.8347e-004       5.1370e-005       2.6238e-006       5.8954e-005       7.3816e-005       8.8573e-005
1.637500e-002       1.2521e-004      -1.9397e-004      -3.5856e-004       4.7919e-005       3.2567e-007       5.7098e-005       7.2057e-005       8.6128e-005
1.650000e-002       1.2038e-004      -2.0507e-004      -3.3311e-004       4.4394e-005      -1.9761e-006       5.5158e-005       7.0196e-005       8.3559e-005
1.662500e-002       1.1537e-004      -2.1588e-004      -3.0718e-004       4.0801e-005      -4.2778e-006       5.3136e-005       6.8236e-005       8.0871e-005
1.675000e-002       1.1020e-004      -2.2638e-004      -2.8081e-004       3.7145e-005      -6.5761e-006       5.1037e-005       6.6180e-005       7.8068e-005
1.687500e-002       1.0488e-004      -2.3655e-004      -2.5402e-004       3.3431e-005      -8.8673e-006       4.8862e-005       6.4030e-005       7.5153e-005
1.700000e-002       9.9413e-005      -2.4637e-004      -2.2687e-004       2.9666e-005      -1.1148e-005       4.6615e-005       6.1791e-005       7.2132e-005
1.712500e-002       9.3806e-005      -2.5584e-004      -1.9939e-004       2.5854e-005      -1.3414e-005       4.4300e-005       5.9465e-005       6.9009e-005
1.725000e-002       8.8070e-005      -2.6494e-004      -1.7162e-004       2.2002e-005      -1.5663e-005       4.1920e-005       5.7056e-005       6.5789e-005
1.737500e-002       8.2212e-005      -2.7365e-004      -1.4362e-004       1.8115e-005      -1.7891e-005       3.9478e-005       5.4568e-005       6.2476e-005
1.750000e-002       7.6243e-005      -2.8195e-004      -1.1542e-004       1.4199e-005      -2.0095e-005       3.6979e-005       5.2004e-005       5.9076e-005
1.762500e-002       7.0171e-005      -2.8984e-004      -8.7056e-005       1.0261e-005      -2.2270e-005       3.4426e-005       4.9369e-005       5.5594e-005
1.775000e-002       6.4005e-005      -2.9731e-004      -5.8584e-005       6.3051e-006      -2.4415e-005       3.1822e-005       4.6666e-005       5.2035e-005
1.787500e-002       5.7755e-005      -3.0433e-004      -3.0043e-005       2.3384e-006      -2.6525e-005       2.9173e-005       4.3899e-005       4.8405e-005
1.800000e-002       5.1430e-005      -3.1091e-004      -1.4769e-006      -1.6333e-006      -2.8597e-005       2.6482e-005       4.1073e-005       4.4709e-005
1.812500e-002       4.5039e-005      -3.1703e-004       2.7071e-005      -5.6040e-006      -3.0628e-005       2.3752e-005       3.8192e-005       4.0952e-005
1.825000e-002       3.8593e-005      -3.2268e-004       5.5557e-005      -9.5677e-006      -3.2615e-005       2.0989e-005       3.5260e-005       3.7141e-005
1.837500e-002       3.2102e-005      -3.2784e-004       8.3937e-005      -1.3518e-005      -3.4555e-005       1.8196e-005       3.2282e-005       3.3282e-005
1.850000e-002       2.5575e-005      -3.3253e-004       1.1217e-004      -1.7450e-005      -3.6444e-005       1.5378e-005       2.9263e-005       2.9379e-005
1.862500e-002       1.9021e-005      -3.3672e-004       1.4021e-004      -2.1357e-005      -3.8281e-005       1.2538e-005       2.6206e-005       2.5440e-005
1.875000e-002       1.2452e-005      -3.4041e-004       1.6801e-004      -2.5233e-005      -4.0061e-005       9.6820e-006       2.3117e-005       2.1470e-005
1.887500e-002       5.8775e-006      -3.4359e-004       1.9554e-004      -2.9072e-005      -4.1783e-005       6.8133e-006       2.0000e-005       1.7475e-005
1.900000e-002      -6.9319e-007      -3.4626e-004       2.2274e-004      -3.2869e-005      -4.3444e-005       3.9366e-006       1.6860e-005       1.3462e-005
1.912500e-002      -7.2498e-006      -3.4842e-004       2.4959e-004      -3.6617e-005      -4.5040e-005       1.0561e-006       1.3703e-005       9.4361e-006
1.925000e-002      -1.3782e-005      -3.5005e-004       2.7603e-004      -4.0311e-005      -4.6571e-005      -1.8236e-006       1.0531e-005       5.4039e-006
1.937500e-002      -2.0280e-005      -3.5117e-004       3.0203e-004      -4.3946e-005      -4.8032e-005      -4.6982e-006       7.3516e-006       1.3715e-006
1.950000e-002      -2.6735e-005      -3.5176e-004       3.2754e-004      -4.7516e-005      -4.9423e-005      -7.5633e-006       4.1682e-006      -2.6549e-006
1.962500e-002      -3.3135e-005      -3.5182e-004       3.5254e-004      -5.1015e-005      -5.0740e-005      -1.0415e-005       9.8601e-007      -6.6692e-006
1.975000e-002      -3.9472e-005      -3.5136e-004       3.7697e-004      -5.4438e-005      -5.1983e-005      -1.3248e-005      -2.1901e-006      -1.0665e-005
1.987500e-002      -4.5722e-005      -3.5029e-004       4.0070e-004      -5.7765e-005      -5.3135e-005      -1.6054e-005      -5.3528e-006      -1.4632e-005
2.000000e-002      -5.1945e-005      -3.4905e-004       4.2422e-004      -6.1065e-005      -5.4261e-005      -1.8851e-005      -8.5106e-006      -1.8589e-005
