i    Time
0.000000e+000      -2.8632e-005      -1.4259e-004      -3.8827e-005       4.7572e-005       2.7210e-005       9.8727e-006      -2.1041e-006      -1.0573e-006
1.250000e-004      -3.3849e-005      -1.6008e-004       3.2332e-006       4.1576e-005       2.0834e-005       7.9526e-006      -4.9891e-006      -5.0910e-006
2.500000e-004      -3.9063e-005      -1.7672e-004       4.4672e-005       3.5633e-005       1.4608e-005       5.9802e-006      -7.8635e-006      -9.1053e-006
3.750000e-004      -4.4256e-005      -1.9051e-004       8.3972e-005       2.9879e-005       8.8896e-006       3.8423e-006      -1.0700e-005      -1.3049e-005
5.000000e-004      -4.9415e-005      -2.0208e-004       1.2149e-004       2.4290e-005       3.5815e-006       1.5903e-006      -1.3503e-005      -1.6929e-005
6.250000e-004      -5.4527e-005      -2.1161e-004       1.5726e-004       1.8867e-005      -1.3366e-006      -7.5422e-007      -1.6270e-005      -2.0740e-005
7.500000e-004      -5.9578e-005      -2.1926e-004       1.9131e-004       1.3613e-005      -5.8833e-006      -3.1711e-006      -1.8998e-005      -2.4481e-005
8.750000e-004      -6.4555e-005      -2.2516e-004       2.2368e-004       8.5287e-006      -1.0076e-005      -5.6420e-006      -2.1685e-005      -2.8146e-005
1.000000e-003      -6.9446e-005      -2.2944e-004       2.5440e-004       3.6174e-006      -1.3931e-005      -8.1501e-006      -2.4328e-005      -3.1731e-005
1.125000e-003      -7.4239e-005      -2.3224e-004       2.8348e-004      -1.1193e-006      -1.7463e-005      -1.0680e-005      -2.6924e-005      -3.5232e-005
1.250000e-003      -7.8921e-005      -2.3364e-004       3.1095e-004      -5.6795e-006      -2.0687e-005      -1.3217e-005      -2.9469e-005      -3.8644e-005
1.375000e-003      -8.3482e-005      -2.3377e-004       3.3683e-004      -1.0061e-005      -2.3616e-005      -1.5749e-005      -3.1959e-005      -4.1965e-005
1.500000e-003      -8.7910e-005      -2.3269e-004       3.6113e-004      -1.4263e-005      -2.6262e-005      -1.8263e-005      -3.4392e-005      -4.5188e-005
1.625000e-003      -9.2196e-005      -2.3051e-004       3.8387e-004      -1.8283e-005      -2.8638e-005      -2.0748e-005      -3.6762e-005      -4.8310e-005
1.750000e-003      -9.6329e-005      -2.2730e-004       4.0506e-004      -2.2119e-005      -3.0754e-005      -2.3195e-005      -3.9067e-005      -5.1326e-005
1.875000e-003      -1.0030e-004      -2.2313e-004       4.2473e-004      -2.5771e-005      -3.2621e-005      -2.5593e-005      -4.1303e-005      -5.4233e-005
2.000000e-003      -1.0410e-004      -2.1807e-004       4.4287e-004      -2.9237e-005      -3.4249e-005      -2.7935e-005      -4.3466e-005      -5.7027e-005
2.125000e-003      -1.0772e-004      -2.1218e-004       4.5952e-004      -3.2515e-005      -3.5648e-005      -3.0213e-005      -4.5553e-005      -5.9703e-005
2.250000e-003      -1.1115e-004      -2.0552e-004       4.7467e-004      -3.5605e-005      -3.6827e-005      -3.2418e-005      -4.7560e-005      -6.2257e-005
2.375000e-003      -1.1439e-004      -1.9814e-004       4.8835e-004      -3.8506e-005      -3.7794e-005      -3.4545e-005      -4.9483e-005      -6.4687e-005
2.500000e-003      -1.1743e-004      -1.9011e-004       5.0055e-004      -4.1217e-005      -3.8557e-005      -3.6588e-005      -5.1320e-005      -6.6989e-005
2.625000e-003      -1.2025e-004      -1.8145e-004       5.1131e-004      -4.3737e-005      -3.9125e-005      -3.8541e-005      -5.3067e-005      -6.9159e-005
2.750000e-003      -1.2286e-004      -1.7223e-004       5.2063e-004      -4.6067e-005      -3.9506e-005      -4.0399e-005      -5.4721e-005      -7.1194e-005
2.875000e-003      -1.2526e-004      -1.6249e-004       5.2852e-004      -4.8207e-005      -3.9706e-005      -4.2158e-005      -5.6280e-005      -7.3092e-005
3.000000e-003      -1.2742e-004      -1.5227e-004       5.3501e-004      -5.0155e-005      -3.9734e-005      -4.3813e-005      -5.7739e-005      -7.4850e-005
3.125000e-003      -1.2936e-004      -1.4160e-004       5.4010e-004      -5.1913e-005      -3.9595e-005      -4.5361e-005      -5.9098e-005      -7.6465e-005
3.250000e-003      -1.3106e-004      -1.3053e-004       5.4381e-004      -5.3481e-005      -3.9298e-005      -4.6799e-005      -6.0353e-005      -7.7935e-005
3.375000e-003      -1.3253e-004      -1.1910e-004       5.4616e-004      -5.4860e-005      -3.8848e-005      -4.8124e-005      -6.1502e-005      -7.9258e-005
3.500000e-003      -1.3375e-004      -1.0733e-004       5.4716e-004      -5.6050e-005      -3.8251e-005      -4.9332e-005      -6.2543e-005      -8.0432e-005
3.625000e-003      -1.3473e-004      -9.5273e-005       5.4685e-004      -5.7053e-005      -3.7516e-005      -5.0423e-005      -6.3474e-005      -8.1456e-005
3.750000e-003      -1.3547e-004      -8.2950e-005       5.4522e-004      -5.7870e-005      -3.6646e-005      -5.1394e-005      -6.4294e-005      -8.2329e-005
3.875000e-003      -1.3596e-004      -7.0398e-005       5.4232e-004      -5.8502e-005      -3.5649e-005      -5.2243e-005      -6.5001e-005      -8.3048e-005
4.000000e-003      -1.3620e-004      -5.7648e-005       5.3815e-004      -5.8951e-005      -3.4531e-005      -5.2970e-005      -6.5593e-005      -8.3614e-005
4.125000e-003      -1.3619e-004      -4.4730e-005       5.3274e-004      -5.9219e-005      -3.3298e-005      -5.3573e-005      -6.6070e-005      -8.4026e-005
4.250000e-003      -1.3593e-004      -3.1675e-005       5.2611e-004      -5.9308e-005      -3.1954e-005      -5.4052e-005      -6.6430e-005      -8.4283e-005
4.375000e-003      -1.3542e-004      -1.8511e-005       5.1830e-004      -5.9220e-005      -3.0507e-005      -5.4405e-005      -6.6673e-005      -8.4385e-005
4.500000e-003      -1.3466e-004      -5.2684e-006       5.0932e-004      -5.8958e-005      -2.8962e-005      -5.4634e-005      -6.6799e-005      -8.4332e-005
4.625000e-003      -1.3366e-004       8.0263e-006       4.9920e-004      -5.8525e-005      -2.7324e-005      -5.4738e-005      -6.6807e-005      -8.4125e-005
4.750000e-003      -1.3241e-004       2.1345e-005       4.8798e-004      -5.7923e-005      -2.5600e-005      -5.4718e-005      -6.6696e-005      -8.3764e-005
4.875000e-003      -1.3091e-004       3.4662e-005       4.7568e-004      -5.7156e-005      -2.3793e-005      -5.4574e-005      -6.6467e-005      -8.3251e-005
5.000000e-003      -1.2918e-004       4.7950e-005       4.6233e-004      -5.6227e-005      -2.1911e-005      -5.4306e-005      -6.6121e-005      -8.2585e-005
5.125000e-003      -1.2720e-004       6.1184e-005       4.4797e-004      -5.5139e-005      -1.9959e-005      -5.3916e-005      -6.5657e-005      -8.1768e-005
5.250000e-003      -1.2499e-004       7.4339e-005       4.3262e-004      -5.3897e-005      -1.7941e-005      -5.3406e-005      -6.5076e-005      -8.0803e-005
5.375000e-003      -1.2254e-004       8.7390e-005       4.1632e-004      -5.2504e-005      -1.5864e-005      -5.2776e-005      -6.4380e-005      -7.9690e-005
5.500000e-003      -1.1987e-004       1.0031e-004       3.9912e-004      -5.0964e-005      -1.3733e-005      -5.2028e-005      -6.3568e-005      -7.8431e-005
5.625000e-003      -1.1697e-004       1.1308e-004       3.8103e-004      -4.9281e-005      -1.1552e-005      -5.1164e-005      -6.2643e-005      -7.7029e-005
5.750000e-003      -1.1385e-004       1.2568e-004       3.6210e-004      -4.7460e-005      -9.3273e-006      -5.0186e-005      -6.1606e-005      -7.5487e-005
5.875000e-003      -1.1052e-004       1.3808e-004       3.4237e-004      -4.5506e-005      -7.0640e-006      -4.9096e-005      -6.0458e-005      -7.3806e-005
6.000000e-003      -1.0698e-004       1.5027e-004       3.2188e-004      -4.3423e-005      -4.7671e-006      -4.7897e-005      -5.9201e-005      -7.1990e-005
6.125000e-003      -1.0324e-004       1.6221e-004       3.0066e-004      -4.1216e-005      -2.4418e-006      -4.6591e-005      -5.7838e-005      -7.0041e-005
6.250000e-003      -9.9293e-005       1.7389e-004       2.7875e-004      -3.8890e-005      -9.3096e-008      -4.5181e-005      -5.6369e-005      -6.7963e-005
6.375000e-003      -9.5160e-005       1.8529e-004       2.5620e-004      -3.6450e-005       2.2740e-006      -4.3670e-005      -5.4798e-005      -6.5760e-005
6.500000e-003      -9.0842e-005       1.9640e-004       2.3306e-004      -3.3902e-005       4.6546e-006      -4.2061e-005      -5.3127e-005      -6.3435e-005
6.625000e-003      -8.6347e-005       2.0718e-004       2.0935e-004      -3.1251e-005       7.0437e-006      -4.0356e-005      -5.1359e-005      -6.0992e-005
6.750000e-003      -8.1681e-005       2.1763e-004       1.8512e-004      -2.8503e-005       9.4365e-006      -3.8560e-005      -4.9496e-005      -5.8434e-005
6.875000e-003      -7.6853e-005       2.2772e-004       1.6043e-004      -2.5664e-005       1.1828e-005      -3.6676e-005      -4.7541e-005      -5.5767e-005
7.000000e-003      -7.1870e-005       2.3745e-004       1.3530e-004      -2.2738e-005       1.4214e-005      -3.4707e-005      -4.5498e-005      -5.2994e-005
7.125000e-003      -6.6740e-005       2.4678e-004       1.0979e-004      -1.9732e-005       1.6590e-005      -3.2657e-005      -4.3369e-005      -5.0119e-005
7.250000e-003      -6.1472e-005       2.5572e-004       8.3947e-005      -1.6653e-005       1.8950e-005      -3.0531e-005      -4.1158e-005      -4.7149e-005
7.375000e-003      -5.6074e-005       2.6423e-004       5.7805e-005      -1.3505e-005       2.1292e-005      -2.8331e-005      -3.8869e-005      -4.4087e-005
7.500000e-003      -5.0554e-005       2.7232e-004       3.1415e-005      -1.0296e-005       2.3609e-005      -2.6061e-005      -3.6504e-005      -4.0938e-005
7.625000e-003      -4.4921e-005       2.7996e-004       4.8223e-006      -7.0309e-006       2.5898e-005      -2.3727e-005      -3.4068e-005      -3.7707e-005
7.750000e-003      -3.9186e-005       2.8714e-004      -2.1928e-005      -3.7165e-006       2.8155e-005      -2.1333e-005      -3.1565e-005      -3.4400e-005
7.875000e-003      -3.3355e-005       2.9385e-004      -4.8789e-005      -3.5892e-007       3.0375e-005      -1.8881e-005      -2.8998e-005      -3.1022e-005
8.000000e-003      -2.7440e-005       3.0009e-004      -7.5715e-005       3.0355e-006       3.2554e-005      -1.6378e-005      -2.6372e-005      -2.7579e-005
8.125000e-003      -2.1450e-005       3.0583e-004      -1.0266e-004       6.4603e-006       3.4689e-005      -1.3827e-005      -2.3690e-005      -2.4075e-005
8.250000e-003      -1.5394e-005       3.1108e-004      -1.2958e-004       9.9093e-006       3.6775e-005      -1.1233e-005      -2.0957e-005      -2.0516e-005
8.375000e-003      -9.2811e-006       3.1581e-004      -1.5643e-004       1.3376e-005       3.8809e-005      -8.6005e-006      -1.8178e-005      -1.6909e-005
8.500000e-003      -3.1223e-006       3.2004e-004      -1.8316e-004       1.6854e-005       4.0787e-005      -5.9340e-006      -1.5356e-005      -1.3258e-005
8.625000e-003       3.0730e-006       3.2374e-004      -2.0973e-004       2.0337e-005       4.2706e-005      -3.2383e-006      -1.2496e-005      -9.5707e-006
8.750000e-003       9.2949e-006       3.2691e-004      -2.3610e-004       2.3819e-005       4.4562e-005      -5.1801e-007      -9.6022e-006      -5.8515e-006
8.875000e-003       1.5534e-005       3.2954e-004      -2.6221e-004       2.7293e-005       4.6352e-005       2.2221e-006      -6.6796e-006      -2.1068e-006
9.000000e-003       2.1779e-005       3.3165e-004      -2.8803e-004       3.0753e-005       4.8072e-005       4.9774e-006      -3.7328e-006       1.6574e-006
9.125000e-003       2.8021e-005       3.3320e-004      -3.1352e-004       3.4193e-005       4.9721e-005       7.7431e-006      -7.6617e-007       5.4352e-006
9.250000e-003       3.4250e-005       3.3422e-004      -3.3862e-004       3.7606e-005       5.1294e-005       1.0514e-005       2.2155e-006       9.2205e-006
9.375000e-003       4.0455e-005       3.3469e-004      -3.6331e-004       4.0988e-005       5.2790e-005       1.3287e-005       5.2075e-006       1.3007e-005
9.500000e-003       4.6628e-005       3.3461e-004      -3.8753e-004       4.4330e-005       5.4205e-005       1.6055e-005       8.2052e-006       1.6790e-005
9.625000e-003       5.2757e-005       3.3399e-004      -4.1125e-004       4.7628e-005       5.5537e-005       1.8815e-005       1.1204e-005       2.0562e-005
9.750000e-003       5.8834e-005       3.3282e-004      -4.3443e-004       5.0876e-005       5.6783e-005       2.1561e-005       1.4199e-005       2.4317e-005
9.875000e-003       6.4848e-005       3.3111e-004      -4.5703e-004       5.4067e-005       5.7943e-005       2.4290e-005       1.7185e-005       2.8051e-005
1.000000e-002       7.0790e-005       3.2886e-004      -4.7902e-004       5.7197e-005       5.9012e-005       2.6996e-005       2.0158e-005       3.1755e-005
1.012500e-002       7.6651e-005       3.2607e-004      -5.0035e-004       6.0260e-005       5.9991e-005       2.9674e-005       2.3113e-005       3.5426e-005
1.025000e-002       8.2421e-005       3.2274e-004      -5.2099e-004       6.3249e-005       6.0876e-005       3.2322e-005       2.6046e-005       3.9057e-005
1.037500e-002       8.8091e-005       3.1889e-004      -5.4091e-004       6.6161e-005       6.1667e-005       3.4933e-005       2.8952e-005       4.2642e-005
1.050000e-002       9.3652e-005       3.1452e-004      -5.6008e-004       6.8989e-005       6.2361e-005       3.7503e-005       3.1826e-005       4.6175e-005
1.062500e-002       9.9095e-005       3.0963e-004      -5.7846e-004       7.1729e-005       6.2958e-005       4.0029e-005       3.4663e-005       4.9652e-005
1.075000e-002       1.0441e-004       3.0423e-004      -5.9602e-004       7.4376e-005       6.3457e-005       4.2506e-005       3.7460e-005       5.3066e-005
1.087500e-002       1.0959e-004       2.9833e-004      -6.1274e-004       7.6924e-005       6.3856e-005       4.4929e-005       4.0212e-005       5.6412e-005
1.100000e-002       1.1463e-004       2.9195e-004      -6.2858e-004       7.9371e-005       6.4156e-005       4.7295e-005       4.2915e-005       5.9685e-005
1.112500e-002       1.1952e-004       2.8508e-004      -6.4352e-004       8.1711e-005       6.4354e-005       4.9599e-005       4.5564e-005       6.2880e-005
1.125000e-002       1.2424e-004       2.7774e-004      -6.5754e-004       8.3940e-005       6.4452e-005       5.1839e-005       4.8155e-005       6.5991e-005
1.137500e-002       1.2880e-004       2.6994e-004      -6.7061e-004       8.6054e-005       6.4448e-005       5.4009e-005       5.0684e-005       6.9014e-005
1.150000e-002       1.3319e-004       2.6170e-004      -6.8270e-004       8.8049e-005       6.4342e-005       5.6107e-005       5.3147e-005       7.1944e-005
1.162500e-002       1.3739e-004       2.5303e-004      -6.9381e-004       8.9922e-005       6.4135e-005       5.8129e-005       5.5540e-005       7.4776e-005
1.175000e-002       1.4141e-004       2.4393e-004      -7.0391e-004       9.1669e-005       6.3827e-005       6.0071e-005       5.7859e-005       7.7506e-005
1.187500e-002       1.4523e-004       2.3443e-004      -7.1298e-004       9.3287e-005       6.3418e-005       6.1931e-005       6.0102e-005       8.0129e-005
1.200000e-002       1.4885e-004       2.2454e-004      -7.2102e-004       9.4774e-005       6.2908e-005       6.3704e-005       6.2263e-005       8.2641e-005
1.212500e-002       1.5227e-004       2.1427e-004      -7.2799e-004       9.6125e-005       6.2299e-005       6.5389e-005       6.4341e-005       8.5039e-005
1.225000e-002       1.5547e-004       2.0365e-004      -7.3390e-004       9.7340e-005       6.1591e-005       6.6981e-005       6.6331e-005       8.7318e-005
1.237500e-002       1.5846e-004       1.9268e-004      -7.3873e-004       9.8415e-005       6.0785e-005       6.8480e-005       6.8230e-005       8.9475e-005
1.250000e-002       1.6122e-004       1.8138e-004      -7.4247e-004       9.9348e-005       5.9883e-005       6.9881e-005       7.0035e-005       9.1506e-005
1.262500e-002       1.6376e-004       1.6978e-004      -7.4512e-004       1.0014e-004       5.8886e-005       7.1182e-005       7.1744e-005       9.3408e-005
1.275000e-002       1.6607e-004       1.5789e-004      -7.4667e-004       1.0078e-004       5.7794e-005       7.2382e-005       7.3354e-005       9.5179e-005
1.287500e-002       1.6814e-004       1.4572e-004      -7.4712e-004       1.0128e-004       5.6611e-005       7.3479e-005       7.4862e-005       9.6815e-005
1.300000e-002       1.6998e-004       1.3330e-004      -7.4646e-004       1.0163e-004       5.5337e-005       7.4469e-005       7.6265e-005       9.8313e-005
1.312500e-002       1.7157e-004       1.2065e-004      -7.4470e-004       1.0183e-004       5.3975e-005       7.5353e-005       7.7563e-005       9.9672e-005
1.325000e-002       1.7292e-004       1.0779e-004      -7.4183e-004       1.0188e-004       5.2526e-005       7.6127e-005       7.8751e-005       1.0089e-004
1.337500e-002       1.7403e-004       9.4726e-005      -7.3787e-004       1.0179e-004       5.0993e-005       7.6791e-005       7.9829e-005       1.0196e-004
1.350000e-002       1.7488e-004       8.1494e-005      -7.3281e-004       1.0154e-004       4.9379e-005       7.7344e-005       8.0795e-005       1.0289e-004
1.362500e-002       1.7549e-004       6.8108e-005      -7.2666e-004       1.0114e-004       4.7685e-005       7.7783e-005       8.1647e-005       1.0367e-004
1.375000e-002       1.7585e-004       5.4590e-005      -7.1944e-004       1.0059e-004       4.5914e-005       7.8110e-005       8.2384e-005       1.0430e-004
1.387500e-002       1.7595e-004       4.0961e-005      -7.1114e-004       9.9899e-005       4.4068e-005       7.8322e-005       8.3005e-005       1.0478e-004
1.400000e-002       1.7581e-004       2.7243e-005      -7.0179e-004       9.9054e-005       4.2152e-005       7.8420e-005       8.3508e-005       1.0511e-004
1.412500e-002       1.7541e-004       1.3456e-005      -6.9139e-004       9.8062e-005       4.0167e-005       7.8403e-005       8.3893e-005       1.0529e-004
1.425000e-002       1.7476e-004      -3.7780e-007      -6.7997e-004       9.6924e-005       3.8117e-005       7.8270e-005       8.4159e-005       1.0532e-004
1.437500e-002       1.7387e-004      -1.4237e-005      -6.6754e-004       9.5641e-005       3.6005e-005       7.8023e-005       8.4306e-005       1.0520e-004
1.450000e-002       1.7272e-004      -2.8100e-005      -6.5411e-004       9.4215e-005       3.3833e-005       7.7661e-005       8.4332e-005       1.0493e-004
1.462500e-002       1.7132e-004      -4.1946e-005      -6.3970e-004       9.2648e-005       3.1606e-005       7.7184e-005       8.4239e-005       1.0450e-004
1.475000e-002       1.6968e-004      -5.5752e-005      -6.2435e-004       9.0942e-005       2.9327e-005       7.6594e-005       8.4027e-005       1.0393e-004
1.487500e-002       1.6780e-004      -6.9498e-005      -6.0807e-004       8.9100e-005       2.6999e-005       7.5891e-005       8.3695e-005       1.0320e-004
1.500000e-002       1.6567e-004      -8.3161e-005      -5.9088e-004       8.7123e-005       2.4626e-005       7.5076e-005       8.3243e-005       1.0233e-004
1.512500e-002       1.6331e-004      -9.6721e-005      -5.7282e-004       8.5015e-005       2.2211e-005       7.4149e-005       8.2673e-005       1.0131e-004
1.525000e-002       1.6071e-004      -1.1016e-004      -5.5390e-004       8.2780e-005       1.9759e-005       7.3114e-005       8.1986e-005       1.0014e-004
1.537500e-002       1.5789e-004      -1.2345e-004      -5.3416e-004       8.0419e-005       1.7273e-005       7.1970e-005       8.1182e-005       9.8829e-005
1.550000e-002       1.5484e-004      -1.3657e-004      -5.1362e-004       7.7936e-005       1.4756e-005       7.0719e-005       8.0263e-005       9.7375e-005
1.562500e-002       1.5156e-004      -1.4951e-004      -4.9233e-004       7.5336e-005       1.2213e-005       6.9364e-005       7.9229e-005       9.5782e-005
1.575000e-002       1.4807e-004      -1.6224e-004      -4.7030e-004       7.2621e-005       9.6479e-006       6.7906e-005       7.8083e-005       9.4051e-005
1.587500e-002       1.4437e-004      -1.7474e-004      -4.4758e-004       6.9797e-005       7.0642e-006       6.6348e-005       7.6826e-005       9.2185e-005
1.600000e-002       1.4046e-004      -1.8700e-004      -4.2420e-004       6.6866e-005       4.4661e-006       6.4691e-005       7.5459e-005       9.0187e-005
1.612500e-002       1.3636e-004      -1.9899e-004      -4.0019e-004       6.3833e-005       1.8575e-006       6.2939e-005       7.3986e-005       8.8060e-005
1.625000e-002       1.3205e-004      -2.1070e-004      -3.7559e-004       6.0704e-005      -7.5751e-007       6.1093e-005       7.2408e-005       8.5806e-005
1.637500e-002       1.2757e-004      -2.2211e-004      -3.5043e-004       5.7481e-005      -3.3749e-006       5.9157e-005       7.0728e-005       8.3430e-005
1.650000e-002       1.2290e-004      -2.3320e-004      -3.2477e-004       5.4171e-005      -5.9906e-006       5.7134e-005       6.8948e-005       8.0935e-005
1.662500e-002       1.1805e-004      -2.4395e-004      -2.9862e-004       5.0778e-005      -8.6007e-006       5.5025e-005       6.7071e-005       7.8324e-005
1.675000e-002       1.1305e-004      -2.5434e-004      -2.7204e-004       4.7307e-005      -1.1201e-005       5.2836e-005       6.5099e-005       7.5603e-005
1.687500e-002       1.0788e-004      -2.6437e-004      -2.4507e-004       4.3764e-005      -1.3788e-005       5.0568e-005       6.3036e-005       7.2774e-005
1.700000e-002       1.0256e-004      -2.7401e-004      -2.1774e-004       4.0153e-005      -1.6357e-005       4.8226e-005       6.0884e-005       6.9842e-005
1.712500e-002       9.7100e-005      -2.8325e-004      -1.9011e-004       3.6480e-005      -1.8904e-005       4.5813e-005       5.8648e-005       6.6812e-005
1.725000e-002       9.1505e-005      -2.9207e-004      -1.6220e-004       3.2750e-005      -2.1425e-005       4.3332e-005       5.6330e-005       6.3688e-005
1.737500e-002       8.5783e-005      -3.0046e-004      -1.3406e-004       2.8970e-005      -2.3917e-005       4.0787e-005       5.3933e-005       6.0475e-005
1.750000e-002       7.9945e-005      -3.0842e-004      -1.0574e-004       2.5145e-005      -2.6376e-005       3.8183e-005       5.1463e-005       5.7178e-005
1.762500e-002       7.3998e-005      -3.1591e-004      -7.7278e-005       2.1280e-005      -2.8798e-005       3.5522e-005       4.8921e-005       5.3802e-005
1.775000e-002       6.7952e-005      -3.2294e-004      -4.8718e-005       1.7382e-005      -3.1178e-005       3.2810e-005       4.6313e-005       5.0351e-005
1.787500e-002       6.1815e-005      -3.2950e-004      -2.0105e-005       1.3456e-005      -3.3515e-005       3.0050e-005       4.3642e-005       4.6832e-005
1.800000e-002       5.5598e-005      -3.3556e-004       8.5185e-006       9.5082e-006      -3.5802e-005       2.7247e-005       4.0911e-005       4.3250e-005
1.812500e-002       4.9309e-005      -3.4113e-004       3.7108e-005       5.5445e-006      -3.8039e-005       2.4404e-005       3.8127e-005       3.9610e-005
1.825000e-002       4.2958e-005      -3.4619e-004       6.5621e-005       1.5711e-006      -4.0220e-005       2.1526e-005       3.5291e-005       3.5917e-005
1.837500e-002       3.6555e-005      -3.5074e-004       9.4013e-005      -2.4062e-006      -4.2342e-005       1.8617e-005       3.2410e-005       3.2178e-005
1.850000e-002       3.0110e-005      -3.5477e-004       1.2224e-004      -6.3813e-006      -4.4403e-005       1.5682e-005       2.9486e-005       2.8397e-005
1.862500e-002       2.3632e-005      -3.5826e-004       1.5026e-004      -1.0348e-005      -4.6398e-005       1.2726e-005       2.6526e-005       2.4582e-005
1.875000e-002       1.7131e-005      -3.6123e-004       1.7803e-004      -1.4301e-005      -4.8326e-005       9.7521e-006       2.3532e-005       2.0737e-005
1.887500e-002       1.0617e-005      -3.6366e-004       2.0550e-004      -1.8233e-005      -5.0182e-005       6.7657e-006       2.0511e-005       1.6868e-005
1.900000e-002       4.1004e-006      -3.6554e-004       2.3265e-004      -2.2140e-005      -5.1965e-005       3.7712e-006       1.7465e-005       1.2982e-005
1.912500e-002      -2.4093e-006      -3.6688e-004       2.5941e-004      -2.6014e-005      -5.3670e-005       7.7309e-007       1.4401e-005       9.0839e-006
1.925000e-002      -8.9022e-006      -3.6767e-004       2.8576e-004      -2.9850e-005      -5.5297e-005      -2.2240e-006       1.1322e-005       5.1804e-006
1.937500e-002      -1.5368e-005      -3.6792e-004       3.1165e-004      -3.3643e-005      -5.6841e-005      -5.2155e-006       8.2341e-006       1.2770e-006
1.950000e-002      -2.1798e-005      -3.6761e-004       3.3704e-004      -3.7386e-005      -5.8301e-005      -8.1968e-006       5.1408e-006      -2.6202e-006
1.962500e-002      -2.8181e-005      -3.6675e-004       3.6189e-004      -4.1073e-005      -5.9675e-005      -1.1163e-005       2.0473e-006      -6.5052e-006
1.975000e-002      -3.4508e-005      -3.6535e-004       3.8617e-004      -4.4700e-005      -6.0960e-005      -1.4111e-005      -1.0417e-006      -1.0372e-005
1.987500e-002      -4.0756e-005      -3.6331e-004       4.0973e-004      -4.8249e-005      -6.2139e-005      -1.7030e-005      -4.1192e-006      -1.4210e-005
2.000000e-002      -4.6981e-005      -3.6109e-004       4.3308e-004      -5.1774e-005      -6.3287e-005      -1.9940e-005      -7.1924e-006      -1.8039e-005
